Trigger level set at [mV], -0.030
C1_t[ns],C1_V[mV],C2_t[ns],C2_V[mV],C3_t[ns],C3_V[mV],C4_t[ns],C4_V[mV]
  0.000,   -3.4,  0.000,   -4.5,  0.000,   29.0,  0.000,   29.3
  0.195,   -1.0,  0.195,   -2.5,  0.195,   -4.7,  0.195,   -5.3
  0.391,   -4.2,  0.391,   -6.0,  0.391,   -7.0,  0.391,   -7.8
  0.586,   -3.9,  0.586,   -4.8,  0.586,   -4.6,  0.586,   -5.1
  0.781,   -3.5,  0.781,   -5.3,  0.781,   -5.9,  0.781,   -6.7
  0.977,   -4.4,  0.977,   -4.3,  0.977,   -3.3,  0.977,   -3.7
  1.172,   -3.5,  1.172,   -6.2,  1.172,   -5.4,  1.172,   -5.9
  1.367,   -3.8,  1.367,   -4.9,  1.367,   -4.3,  1.367,   -4.6
  1.562,   -5.1,  1.562,   -7.4,  1.562,   -9.2,  1.562,   -8.3
  1.758,   -5.1,  1.758,   -5.6,  1.758,   -7.8,  1.758,   -6.6
  1.953,   -4.9,  1.953,   -6.9,  1.953,   -8.0,  1.953,   -8.0
  2.148,   -2.7,  2.148,   -4.1,  2.148,   -4.5,  2.148,   -4.4
  2.344,   -3.3,  2.344,   -5.3,  2.344,   -4.6,  2.344,   -4.1
  2.539,   -1.7,  2.539,   -2.7,  2.539,   -0.7,  2.539,   -0.8
  2.734,   -1.3,  2.734,   -2.8,  2.734,   -2.0,  2.734,   -1.7
  2.930,    0.0,  2.930,   -0.9,  2.930,    0.3,  2.930,    1.2
  3.125,   -0.5,  3.125,   -2.3,  3.125,   -1.9,  3.125,   -2.1
  3.320,   -2.4,  3.320,   -3.5,  3.320,   -0.1,  3.320,   -0.2
  3.516,   -4.2,  3.516,   -6.4,  3.516,   -2.3,  3.516,   -2.9
  3.711,   -3.6,  3.711,   -5.0,  3.711,   -0.6,  3.711,   -1.5
  3.906,   -3.7,  3.906,   -4.1,  3.906,   -3.8,  3.906,   -4.0
  4.102,   -3.3,  4.102,   -1.6,  4.102,   -2.5,  4.102,   -3.1
  4.297,   -3.5,  4.297,   -5.3,  4.297,   -4.6,  4.297,   -5.4
  4.492,   -2.5,  4.492,   -3.8,  4.492,   -2.9,  4.492,   -2.6
  4.688,   -3.4,  4.688,   -6.9,  4.688,   -5.8,  4.688,   -5.5
  4.883,   -4.7,  4.883,   -6.8,  4.883,   -5.2,  4.883,   -4.0
  5.078,   -5.0,  5.078,   -7.1,  5.078,   -7.6,  5.078,   -6.6
  5.273,   -4.3,  5.273,   -4.2,  5.273,   -4.9,  5.273,   -5.1
  5.469,   -3.2,  5.469,   -5.7,  5.469,   -5.7,  5.469,   -7.4
  5.664,   -2.6,  5.664,   -3.6,  5.664,   -3.2,  5.664,   -4.9
  5.859,   -2.3,  5.859,   -3.6,  5.859,   -3.8,  5.859,   -5.8
  6.055,   -0.5,  6.055,   -1.5,  6.055,   -1.4,  6.055,   -2.8
  6.250,   -0.7,  6.250,   -2.6,  6.250,   -4.2,  6.250,   -4.9
  6.445,   -0.4,  6.445,   -2.0,  6.445,   -1.9,  6.445,   -2.5
  6.641,   -2.3,  6.641,   -3.5,  6.641,   -5.0,  6.641,   -5.1
  6.836,   -2.7,  6.836,   -3.4,  6.836,   -4.6,  6.836,   -3.9
  7.031,   -2.9,  7.031,   -5.0,  7.031,   -8.0,  7.031,   -6.8
  7.227,   -3.2,  7.227,   -3.9,  7.227,   -6.1,  7.227,   -5.7
  7.422,   -5.4,  7.422,   -5.8,  7.422,   -6.9,  7.422,   -7.2
  7.617,   -3.2,  7.617,   -3.8,  7.617,   -4.2,  7.617,   -5.1
  7.812,   -4.2,  7.812,   -6.5,  7.812,   -5.1,  7.812,   -5.9
  8.008,   -3.5,  8.008,   -4.5,  8.008,   -2.1,  8.008,   -3.1
  8.203,   -5.3,  8.203,   -6.7,  8.203,   -5.3,  8.203,   -4.9
  8.398,   -4.2,  8.398,   -5.6,  8.398,   -2.9,  8.398,   -3.2
  8.594,   -4.0,  8.594,   -6.4,  8.594,   -5.0,  8.594,   -5.7
  8.789,   -4.1,  8.789,   -4.2,  8.789,   -2.6,  8.789,   -3.0
  8.984,   -5.3,  8.984,   -6.0,  8.984,   -3.7,  8.984,   -3.5
  9.180,   -3.8,  9.180,   -3.8,  9.180,   -1.6,  9.180,   -1.4
  9.375,   -3.1,  9.375,   -4.5,  9.375,   -3.4,  9.375,   -3.3
  9.570,   -2.7,  9.570,   -2.7,  9.570,   -1.8,  9.570,   -1.5
  9.766,   -3.6,  9.766,   -5.5,  9.766,   -6.3,  9.766,   -5.0
  9.961,   -2.9,  9.961,   -3.9,  9.961,   -3.1,  9.961,   -3.4
 10.156,   -4.4, 10.156,   -6.0, 10.156,   -6.9, 10.156,   -7.0
 10.352,   -4.7, 10.352,   -5.0, 10.352,   -5.2, 10.352,   -5.8
 10.547,   -5.8, 10.547,   -8.1, 10.547,   -7.9, 10.547,   -9.8
 10.742,   -5.2, 10.742,   -6.6, 10.742,   -5.3, 10.742,   -6.5
 10.938,   -6.5, 10.938,   -7.7, 10.938,   -7.2, 10.938,   -7.8
 11.133,   -4.7, 11.133,   -6.1, 11.133,   -3.8, 11.133,   -4.4
 11.328,   -5.2, 11.328,   -7.7, 11.328,   -6.1, 11.328,   -5.7
 11.523,   -4.4, 11.523,   -6.7, 11.523,   -3.9, 11.523,   -3.2
 11.719,   -4.8, 11.719,   -7.7, 11.719,   -5.6, 11.719,   -5.8
 11.914,   -4.7, 11.914,   -5.6, 11.914,   -3.4, 11.914,   -2.9
 12.109,   -6.9, 12.109,   -8.4, 12.109,   -5.4, 12.109,   -6.1
 12.305,   -5.6, 12.305,   -6.8, 12.305,   -2.4, 12.305,   -3.8
 12.500,   -5.7, 12.500,   -7.7, 12.500,   -4.6, 12.500,   -5.3
 12.695,   -5.0, 12.695,   -6.0, 12.695,   -3.1, 12.695,   -3.7
 12.891,   -5.3, 12.891,   -7.1, 12.891,   -7.3, 12.891,   -7.8
 13.086,   -4.0, 13.086,   -5.3, 13.086,   -5.8, 13.086,   -6.6
 13.281,   -4.8, 13.281,   -6.7, 13.281,   -9.8, 13.281,  -10.1
 13.477,   -4.2, 13.477,   -5.8, 13.477,   -7.2, 13.477,   -6.9
 13.672,   -4.9, 13.672,   -8.0, 13.672,   -7.2, 13.672,   -7.4
 13.867,   -5.0, 13.867,   -5.4, 13.867,   -4.6, 13.867,   -4.5
 14.062,   -5.0, 14.062,   -7.0, 14.062,   -6.6, 14.062,   -7.0
 14.258,   -4.2, 14.258,   -3.9, 14.258,   -4.2, 14.258,   -5.0
 14.453,   -4.9, 14.453,   -5.1, 14.453,   -7.5, 14.453,   -8.1
 14.648,   -2.9, 14.648,   -3.2, 14.648,   -5.6, 14.648,   -5.9
 14.844,   11.7, 14.844,   10.4, 14.844,    6.2, 14.844,    6.1
 15.039,   13.0, 15.039,   11.9, 15.039,    9.4, 15.039,    9.2
 15.234,   -2.1, 15.234,   -4.5, 15.234,   -5.5, 15.234,   -5.7
 15.430,   -2.1, 15.430,   -2.4, 15.430,   -2.3, 15.430,   -3.1
 15.625,   -4.3, 15.625,   -5.4, 15.625,   -3.8, 15.625,   -4.9
 15.820,   -3.5, 15.820,   -3.9, 15.820,   -1.2, 15.820,   -2.2
 16.016,   -4.0, 16.016,   -6.3, 16.016,   -3.5, 16.016,   -3.5
 16.211,   -3.7, 16.211,   -5.5, 16.211,   -1.4, 16.211,   -2.4
 16.406,   -4.0, 16.406,   -6.1, 16.406,   -3.2, 16.406,   -5.0
 16.602,   -4.6, 16.602,   -5.0, 16.602,   -2.0, 16.602,   -3.4
 16.797,   -5.4, 16.797,   -5.5, 16.797,   -5.1, 16.797,   -5.1
 16.992,   -5.8, 16.992,   -4.9, 16.992,   -3.5, 16.992,   -3.1
 17.188,   -5.0, 17.188,   -5.4, 17.188,   -6.1, 17.188,   -5.6
 17.383,   -4.6, 17.383,   -3.5, 17.383,   -3.8, 17.383,   -3.4
 17.578,   -3.2, 17.578,   -5.7, 17.578,   -5.3, 17.578,   -5.2
 17.773,   -2.7, 17.773,   -4.1, 17.773,   -3.9, 17.773,   -3.6
 17.969,   -3.3, 17.969,   -6.0, 17.969,   -6.4, 17.969,   -7.3
 18.164,   -2.7, 18.164,   -4.1, 18.164,   -5.3, 18.164,   -5.3
 18.359,   -3.1, 18.359,   -5.5, 18.359,   -7.4, 18.359,   -7.9
 18.555,   -3.7, 18.555,   -4.0, 18.555,   -4.3, 18.555,   -5.4
 18.750,   -3.5, 18.750,   -5.7, 18.750,   -5.0, 18.750,   -6.3
 18.945,   -4.2, 18.945,   -4.2, 18.945,   -3.0, 18.945,   -4.3
 19.141,   -4.6, 19.141,   -6.8, 19.141,   -4.7, 19.141,   -4.4
 19.336,   -4.7, 19.336,   -5.0, 19.336,   -3.4, 19.336,   -3.6
 19.531,   -5.7, 19.531,   -7.5, 19.531,   -6.8, 19.531,   -7.1
 19.727,   -4.9, 19.727,   -5.7, 19.727,   -5.5, 19.727,   -5.3
 19.922,   -4.6, 19.922,   -6.8, 19.922,   -7.4, 19.922,   -7.4
 20.117,   -4.6, 20.117,   -5.8, 20.117,   -5.4, 20.117,   -6.3
 20.312,   -6.9, 20.312,   -9.2, 20.312,   -6.5, 20.312,   -7.8
 20.508,   -6.7, 20.508,   -7.2, 20.508,   -3.4, 20.508,   -4.4
 20.703,   -7.3, 20.703,   -9.2, 20.703,   -5.8, 20.703,   -6.1
 20.898,   -6.8, 20.898,   -7.6, 20.898,   -2.7, 20.898,   -3.1
 21.094,   -6.8, 21.094,   -8.6, 21.094,   -3.7, 21.094,   -4.2
 21.289,   -5.3, 21.289,   -5.9, 21.289,    0.8, 21.289,   -0.6
 21.484,   -6.1, 21.484,   -7.2, 21.484,   -1.0, 21.484,   -1.3
 21.680,   -4.0, 21.680,   -4.6, 21.680,    0.4, 21.680,    0.7
 21.875,   -3.5, 21.875,   -4.9, 21.875,   -2.1, 21.875,   -2.2
 22.070,   -3.1, 22.070,   -2.0, 22.070,   -0.8, 22.070,   -0.7
 22.266,   -4.5, 22.266,   -5.2, 22.266,   -4.3, 22.266,   -3.7
 22.461,   -3.2, 22.461,   -3.6, 22.461,   -1.8, 22.461,   -1.9
 22.656,   -4.8, 22.656,   -6.3, 22.656,   -5.7, 22.656,   -6.5
 22.852,   -5.1, 22.852,   -5.0, 22.852,   -4.1, 22.852,   -3.4
 23.047,   -6.1, 23.047,   -6.0, 23.047,   -7.4, 23.047,   -7.6
 23.242,   -5.1, 23.242,   -4.7, 23.242,   -4.6, 23.242,   -5.1
 23.438,   -4.9, 23.438,   -6.0, 23.438,   -7.0, 23.438,   -8.4
 23.633,   -4.0, 23.633,   -4.9, 23.633,   -5.4, 23.633,   -5.6
 23.828,   -4.0, 23.828,   -5.8, 23.828,   -6.4, 23.828,   -7.0
 24.023,   -3.8, 24.023,   -3.8, 24.023,   -4.2, 24.023,   -5.5
 24.219,   -3.8, 24.219,   -5.3, 24.219,   -5.4, 24.219,   -6.5
 24.414,   -3.7, 24.414,   -3.8, 24.414,   -4.2, 24.414,   -4.3
 24.609,   -3.3, 24.609,   -6.3, 24.609,   -6.0, 24.609,   -6.2
 24.805,   -1.9, 24.805,   -4.6, 24.805,   -4.1, 24.805,   -4.8
 25.000,   -3.3, 25.000,   -5.8, 25.000,   -6.7, 25.000,   -7.8
 25.195,   -3.0, 25.195,   -3.8, 25.195,   -4.2, 25.195,   -4.7
 25.391,   -3.9, 25.391,   -5.7, 25.391,   -6.0, 25.391,   -6.5
 25.586,   -3.2, 25.586,   -3.6, 25.586,   -3.5, 25.586,   -4.1
 25.781,   -3.5, 25.781,   -4.3, 25.781,   -6.3, 25.781,   -6.4
 25.977,   -3.6, 25.977,   -4.0, 25.977,   -3.9, 25.977,   -4.3
 26.172,   -5.7, 26.172,   -6.5, 26.172,   -5.9, 26.172,   -6.5
 26.367,   -3.7, 26.367,   -4.8, 26.367,   -4.3, 26.367,   -4.2
 26.562,   -3.6, 26.562,   -5.1, 26.562,   -6.3, 26.562,   -6.4
 26.758,   -4.7, 26.758,   -3.3, 26.758,   -5.2, 26.758,   -4.4
 26.953,   -4.5, 26.953,   -6.0, 26.953,   -6.8, 26.953,   -7.2
 27.148,   -3.5, 27.148,   -3.5, 27.148,   -4.8, 27.148,   -5.3
 27.344,   -2.4, 27.344,   -3.5, 27.344,   -5.1, 27.344,   -6.4
 27.539,   -1.4, 27.539,   -1.3, 27.539,   -1.4, 27.539,   -2.2
 27.734,   -1.4, 27.734,   -3.4, 27.734,   -3.4, 27.734,   -3.3
 27.930,    0.1, 27.930,   -0.9, 27.930,   -1.0, 27.930,   -0.7
 28.125,   -1.3, 28.125,   -3.7, 28.125,   -3.9, 28.125,   -4.1
 28.320,   -1.5, 28.320,   -2.6, 28.320,   -1.6, 28.320,   -2.2
 28.516,   -2.5, 28.516,   -3.6, 28.516,   -4.7, 28.516,   -4.8
 28.711,   -1.4, 28.711,   -0.8, 28.711,   -3.1, 28.711,   -3.6
 28.906,   -1.2, 28.906,   -2.8, 28.906,   -6.1, 28.906,   -5.8
 29.102,   -0.5, 29.102,   -1.4, 29.102,   -4.6, 29.102,   -4.5
 29.297,   -2.2, 29.297,   -6.1, 29.297,   -7.0, 29.297,   -6.7
 29.492,   -2.4, 29.492,   -4.4, 29.492,   -4.7, 29.492,   -4.5
 29.688,   -4.9, 29.688,   -7.7, 29.688,   -7.5, 29.688,   -7.1
 29.883,   -5.1, 29.883,   -5.8, 29.883,   -5.5, 29.883,   -5.3
 30.078,   -5.6, 30.078,   -6.4, 30.078,   -7.4, 30.078,   -7.8
 30.273,   -4.3, 30.273,   -4.3, 30.273,   -5.0, 30.273,   -4.9
 30.469,   -4.5, 30.469,   -6.6, 30.469,   -6.3, 30.469,   -7.7
 30.664,   -4.2, 30.664,   -5.0, 30.664,   -4.0, 30.664,   -5.5
 30.859,   -4.8, 30.859,   -5.8, 30.859,   -6.2, 30.859,   -7.1
 31.055,   -3.1, 31.055,   -2.9, 31.055,   -4.5, 31.055,   -4.8
 31.250,   -2.3, 31.250,   -3.8, 31.250,   -6.0, 31.250,   -6.5
 31.445,   -1.5, 31.445,   -2.0, 31.445,   -3.7, 31.445,   -3.4
 31.641,   -2.9, 31.641,   -3.9, 31.641,   -4.8, 31.641,   -6.3
 31.836,   -2.3, 31.836,   -2.2, 31.836,   -3.6, 31.836,   -3.8
 32.031,   -3.8, 32.031,   -4.5, 32.031,   -6.3, 32.031,   -7.1
 32.227,   -2.7, 32.227,   -3.1, 32.227,   -3.8, 32.227,   -4.5
 32.422,   -4.8, 32.422,   -6.0, 32.422,   -7.4, 32.422,   -7.4
 32.617,   -3.1, 32.617,   -4.4, 32.617,   -4.1, 32.617,   -5.3
 32.812,   -3.8, 32.812,   -6.9, 32.812,   -8.2, 32.812,   -8.1
 33.008,   -3.7, 33.008,   -5.5, 33.008,   -6.8, 33.008,   -6.7
 33.203,   -3.4, 33.203,   -5.3, 33.203,   -8.6, 33.203,   -8.2
 33.398,   -2.3, 33.398,   -3.1, 33.398,   -5.0, 33.398,   -6.3
 33.594,   -2.0, 33.594,   -3.8, 33.594,   -6.5, 33.594,   -6.9
 33.789,   -2.4, 33.789,   -2.6, 33.789,   -3.5, 33.789,   -4.6
 33.984,   -2.9, 33.984,   -5.7, 33.984,   -6.0, 33.984,   -6.6
 34.180,   -2.2, 34.180,   -4.4, 34.180,   -3.4, 34.180,   -4.0
 34.375,   -2.8, 34.375,   -5.1, 34.375,   -5.2, 34.375,   -5.0
 34.570,   -2.9, 34.570,   -4.1, 34.570,   -3.0, 34.570,   -2.6
 34.766,   -2.2, 34.766,   -4.2, 34.766,   -4.6, 34.766,   -3.8
 34.961,   -3.7, 34.961,   -3.4, 34.961,   -3.2, 34.961,   -3.7
 35.156,   -3.5, 35.156,   -5.7, 35.156,   -5.4, 35.156,   -6.1
 35.352,   -4.0, 35.352,   -5.4, 35.352,   -4.1, 35.352,   -4.5
 35.547,   -3.2, 35.547,   -5.2, 35.547,   -5.4, 35.547,   -6.5
 35.742,   -3.1, 35.742,   -4.8, 35.742,   -5.0, 35.742,   -5.5
 35.938,   -3.7, 35.938,   -4.8, 35.938,   -7.5, 35.938,   -8.9
 36.133,   -3.8, 36.133,   -3.0, 36.133,   -5.2, 36.133,   -5.5
 36.328,   -3.2, 36.328,   -3.2, 36.328,   -4.1, 36.328,   -5.4
 36.523,   -4.3, 36.523,   -4.6, 36.523,   -2.1, 36.523,   -1.9
 36.719,   -4.0, 36.719,   -7.1, 36.719,   -3.8, 36.719,   -3.9
 36.914,   -3.7, 36.914,   -5.6, 36.914,   -1.6, 36.914,   -1.8
 37.109,   -4.7, 37.109,   -7.0, 37.109,   -6.0, 37.109,   -6.0
 37.305,   -5.3, 37.305,   -4.3, 37.305,   -4.1, 37.305,   -3.8
 37.500,   -2.5, 37.500,   -3.1, 37.500,   -4.5, 37.500,   -3.8
 37.695,   -1.6, 37.695,   -2.3, 37.695,   -3.5, 37.695,   -3.2
 37.891,   -2.8, 37.891,   -2.7, 37.891,   -4.8, 37.891,   -5.4
 38.086,   -2.3, 38.086,   -2.5, 38.086,   -1.7, 38.086,   -1.6
 38.281,   -1.2, 38.281,   -3.7, 38.281,   -3.3, 38.281,   -3.9
 38.477,   -2.0, 38.477,   -3.1, 38.477,   -1.6, 38.477,   -3.5
 38.672,   -3.5, 38.672,   -4.4, 38.672,   -4.3, 38.672,   -5.8
 38.867,   -0.5, 38.867,   -0.7, 38.867,    0.5, 38.867,   -0.4
 39.062,   -4.8, 39.062,   -5.1, 39.062,   -4.0, 39.062,   -5.0
 39.258,   -4.0, 39.258,   -2.9, 39.258,   -2.5, 39.258,   -3.1
 39.453,   -2.3, 39.453,   -4.1, 39.453,   -5.3, 39.453,   -7.2
 39.648,   -2.7, 39.648,   -3.5, 39.648,   -3.5, 39.648,   -4.8
 39.844,   -2.6, 39.844,   -5.6, 39.844,   -5.1, 39.844,   -4.2
 40.039,   -2.5, 40.039,   -4.0, 40.039,   -1.9, 40.039,   -1.1
 40.234,   -1.9, 40.234,   -5.4, 40.234,   -1.8, 40.234,   -1.9
 40.430,   -4.0, 40.430,   -5.1, 40.430,   -0.4, 40.430,    0.1
 40.625,   -3.1, 40.625,   -5.5, 40.625,   -1.3, 40.625,   -2.1
 40.820,   -6.2, 40.820,   -5.8, 40.820,   -0.5, 40.820,   -1.1
 41.016,   -2.8, 41.016,   -4.3, 41.016,   -0.3, 41.016,   -1.3
 41.211,   -4.0, 41.211,   -3.6, 41.211,    1.1, 41.211,    0.0
 41.406,   -2.5, 41.406,   -4.9, 41.406,   -2.0, 41.406,   -3.1
 41.602,   -3.5, 41.602,   -3.8, 41.602,   -2.2, 41.602,   -2.3
 41.797,   -2.8, 41.797,   -5.2, 41.797,   -5.8, 41.797,   -7.1
 41.992,   -3.8, 41.992,   -3.8, 41.992,   -4.3, 41.992,   -5.7
 42.188,   -2.3, 42.188,   -5.0, 42.188,   -5.7, 42.188,   -6.4
 42.383,   -5.7, 42.383,   -5.3, 42.383,   -4.2, 42.383,   -4.2
 42.578,   -4.5, 42.578,   -7.3, 42.578,   -6.8, 42.578,   -6.9
 42.773,   -5.6, 42.773,   -6.2, 42.773,   -5.1, 42.773,   -5.1
 42.969,   -4.2, 42.969,   -5.8, 42.969,   -7.6, 42.969,   -7.9
 43.164,   -4.9, 43.164,   -5.0, 43.164,   -5.5, 43.164,   -6.6
 43.359,   -2.7, 43.359,   -4.8, 43.359,   -7.4, 43.359,   -7.5
 43.555,   -4.2, 43.555,   -4.3, 43.555,   -5.2, 43.555,   -5.2
 43.750,   -2.5, 43.750,   -4.7, 43.750,   -8.8, 43.750,   -8.0
 43.945,   -4.1, 43.945,   -4.8, 43.945,   -6.0, 43.945,   -6.6
 44.141,   -3.3, 44.141,   -5.8, 44.141,   -7.5, 44.141,   -9.0
 44.336,   -5.4, 44.336,   -7.0, 44.336,   -6.4, 44.336,   -6.6
 44.531,   -4.3, 44.531,   -7.5, 44.531,   -5.9, 44.531,   -7.1
 44.727,   -7.1, 44.727,   -9.0, 44.727,   -4.0, 44.727,   -5.0
 44.922,   -6.8, 44.922,   -8.9, 44.922,   -5.5, 44.922,   -5.9
 45.117,   -8.8, 45.117,   -8.2, 45.117,   -5.2, 45.117,   -5.1
 45.312,   -6.2, 45.312,   -6.2, 45.312,   -7.6, 45.312,   -7.7
 45.508,   -6.6, 45.508,   -6.1, 45.508,   -6.4, 45.508,   -6.4
 45.703,   -5.8, 45.703,   -7.9, 45.703,   -7.9, 45.703,   -8.3
 45.898,   -7.0, 45.898,   -7.4, 45.898,   -3.7, 45.898,   -4.1
 46.094,   -5.6, 46.094,   -7.6, 46.094,   -3.2, 46.094,   -4.4
 46.289,   -7.8, 46.289,   -7.5, 46.289,   -2.3, 46.289,   -2.8
 46.484,   -6.3, 46.484,   -7.4, 46.484,   -4.9, 46.484,   -5.6
 46.680,   -6.7, 46.680,   -6.5, 46.680,   -4.6, 46.680,   -4.0
 46.875,   -3.7, 46.875,   -6.0, 46.875,   -6.2, 46.875,   -6.6
 47.070,   -5.7, 47.070,   -6.2, 47.070,   -5.6, 47.070,   -5.2
 47.266,   -3.0, 47.266,   -6.4, 47.266,   -6.1, 47.266,   -6.8
 47.461,   -5.6, 47.461,   -6.1, 47.461,   -4.5, 47.461,   -5.8
 47.656,   -5.2, 47.656,   -6.5, 47.656,   -6.6, 47.656,   -8.2
 47.852,   -7.8, 47.852,   -7.6, 47.852,   -5.4, 47.852,   -5.9
 48.047,   -7.1, 48.047,   -9.0, 48.047,   -7.7, 48.047,   -7.7
 48.242,   -9.5, 48.242,   -9.4, 48.242,   -6.1, 48.242,   -5.3
 48.438,   -7.7, 48.438,   -9.9, 48.438,   -7.7, 48.438,   -7.1
 48.633,  -10.0, 48.633,  -10.5, 48.633,   -6.3, 48.633,   -5.4
 48.828,   -8.3, 48.828,  -10.0, 48.828,   -7.8, 48.828,   -8.6
 49.023,   -9.7, 49.023,  -10.0, 49.023,   -6.0, 49.023,   -6.6
 49.219,   -8.6, 49.219,   -8.7, 49.219,   -6.6, 49.219,   -8.6
 49.414,   -9.2, 49.414,   -9.0, 49.414,   -5.4, 49.414,   -6.5
 49.609,   -5.9, 49.609,   -7.1, 49.609,   -6.6, 49.609,   -7.4
 49.805,   -6.7, 49.805,   -6.2, 49.805,   -3.8, 49.805,   -5.2
 50.000,   -3.3, 50.000,   -5.0, 50.000,   -3.7, 50.000,   -5.0
 50.195,   -5.4, 50.195,   -5.1, 50.195,   -2.9, 50.195,   -4.4
 50.391,   -4.5, 50.391,   -5.8, 50.391,   -5.8, 50.391,   -6.1
 50.586,   -4.8, 50.586,   -5.3, 50.586,   -4.6, 50.586,   -5.0
 50.781,   -3.4, 50.781,   -6.1, 50.781,   -6.3, 50.781,   -6.7
 50.977,   -5.2, 50.977,   -6.7, 50.977,   -5.2, 50.977,   -6.6
 51.172,   -4.6, 51.172,   -6.5, 51.172,   -6.2, 51.172,   -6.2
 51.367,   -6.7, 51.367,   -6.3, 51.367,   -4.4, 51.367,   -4.3
 51.562,   -5.7, 51.562,   -6.7, 51.562,   -6.1, 51.562,   -6.2
 51.758,   -7.4, 51.758,   -8.1, 51.758,   -6.5, 51.758,   -5.7
 51.953,   -5.5, 51.953,   -8.2, 51.953,   -7.5, 51.953,   -7.9
 52.148,   -7.1, 52.148,   -7.3, 52.148,   -6.5, 52.148,   -6.3
 52.344,   -4.0, 52.344,   -5.4, 52.344,   -5.2, 52.344,   -6.1
 52.539,   -4.8, 52.539,   -4.5, 52.539,   -3.1, 52.539,   -4.5
 52.734,   -2.3, 52.734,   -4.4, 52.734,   -4.5, 52.734,   -5.5
 52.930,   -2.5, 52.930,   -2.8, 52.930,   -2.8, 52.930,   -3.6
 53.125,   -1.7, 53.125,   -4.1, 53.125,   -5.5, 53.125,   -5.2
 53.320,   -2.6, 53.320,   -3.4, 53.320,   -4.2, 53.320,   -4.5
 53.516,   -0.9, 53.516,   -3.9, 53.516,   -5.7, 53.516,   -7.2
 53.711,   -3.6, 53.711,   -4.8, 53.711,   -4.1, 53.711,   -5.3
 53.906,   -2.7, 53.906,   -4.9, 53.906,   -6.4, 53.906,   -6.8
 54.102,   -6.1, 54.102,   -5.9, 54.102,   -4.9, 54.102,   -4.7
 54.297,   -4.5, 54.297,   -6.4, 54.297,   -5.8, 54.297,   -5.8
 54.492,   -6.3, 54.492,   -6.2, 54.492,   -4.6, 54.492,   -3.9
 54.688,   -4.4, 54.688,   -5.5, 54.688,   -5.2, 54.688,   -5.5
 54.883,   -5.1, 54.883,   -5.7, 54.883,   -3.7, 54.883,   -4.4
 55.078,   -3.0, 55.078,   -6.0, 55.078,   -6.8, 55.078,   -7.7
 55.273,   -5.2, 55.273,   -5.8, 55.273,   -3.7, 55.273,   -5.4
 55.469,   -3.8, 55.469,   -5.9, 55.469,   -6.2, 55.469,   -7.2
 55.664,   -4.6, 55.664,   -5.2, 55.664,   -3.5, 55.664,   -3.6
 55.859,   -3.2, 55.859,   -3.7, 55.859,   -2.7, 55.859,   -3.3
 56.055,   -3.3, 56.055,   -3.0, 56.055,   -0.7, 56.055,   -0.6
 56.250,   -1.1, 56.250,   -2.6, 56.250,   -2.4, 56.250,   -2.8
 56.445,   -2.2, 56.445,   -2.8, 56.445,   -1.3, 56.445,   -0.9
 56.641,   -2.0, 56.641,   -4.3, 56.641,   -4.1, 56.641,   -3.9
 56.836,   -4.1, 56.836,   -4.9, 56.836,   -2.3, 56.836,   -2.1
 57.031,   -3.0, 57.031,   -5.5, 57.031,   -4.9, 57.031,   -4.9
 57.227,   -5.4, 57.227,   -5.6, 57.227,   -4.2, 57.227,   -3.6
 57.422,   -3.5, 57.422,   -5.5, 57.422,   -6.3, 57.422,   -7.1
 57.617,   -4.9, 57.617,   -5.0, 57.617,   -5.3, 57.617,   -6.0
 57.812,   -4.8, 57.812,   -6.3, 57.812,   -6.9, 57.812,   -7.1
 58.008,   -6.4, 58.008,   -6.5, 58.008,   -5.0, 58.008,   -5.3
 58.203,   -4.9, 58.203,   -6.5, 58.203,   -7.0, 58.203,   -6.3
 58.398,   -5.3, 58.398,   -5.4, 58.398,   -5.3, 58.398,   -3.6
 58.594,   -3.1, 58.594,   -4.1, 58.594,   -7.2, 58.594,   -6.7
 58.789,   -3.3, 58.789,   -3.2, 58.789,   -5.4, 58.789,   -5.4
 58.984,   -1.6, 58.984,   -3.4, 58.984,   -7.2, 58.984,   -7.5
 59.180,   -1.9, 59.180,   -2.4, 59.180,   -4.9, 59.180,   -6.3
 59.375,    0.0, 59.375,   -2.1, 59.375,   -5.0, 59.375,   -6.5
 59.570,   -1.5, 59.570,   -1.8, 59.570,   -3.6, 59.570,   -5.2
 59.766,    0.1, 59.766,   -4.5, 59.766,   -5.4, 59.766,   -5.9
 59.961,   -2.8, 59.961,   -4.6, 59.961,   -5.2, 59.961,   -6.2
 60.156,   -2.5, 60.156,   -5.4, 60.156,   -6.8, 60.156,   -6.5
 60.352,   -5.2, 60.352,   -6.2, 60.352,   -6.3, 60.352,   -5.5
 60.547,   -4.0, 60.547,   -5.7, 60.547,   -6.9, 60.547,   -6.4
 60.742,   -5.1, 60.742,   -4.2, 60.742,   -4.9, 60.742,   -4.5
 60.938,   -3.8, 60.938,   -6.7, 60.938,   -6.8, 60.938,   -7.2
 61.133,   -5.9, 61.133,   -6.5, 61.133,   -5.1, 61.133,   -5.4
 61.328,   -4.5, 61.328,   -6.6, 61.328,   -7.3, 61.328,   -7.7
 61.523,   -6.1, 61.523,   -6.3, 61.523,   -4.6, 61.523,   -6.6
 61.719,   -3.5, 61.719,   -5.2, 61.719,   -6.4, 61.719,   -6.9
 61.914,   -4.7, 61.914,   -4.2, 61.914,   -4.7, 61.914,   -5.5
 62.109,   -3.2, 62.109,   -6.2, 62.109,   -5.3, 62.109,   -6.6
 62.305,   -5.2, 62.305,   -5.8, 62.305,   -3.1, 62.305,   -4.2
 62.500,   -4.3, 62.500,   -6.3, 62.500,   -5.3, 62.500,   -5.1
 62.695,   -5.9, 62.695,   -6.4, 62.695,   -3.5, 62.695,   -3.7
 62.891,   -3.6, 62.891,   -4.5, 62.891,   -6.0, 62.891,   -5.9
 63.086,   -4.5, 63.086,   -3.3, 63.086,   -5.2, 63.086,   -4.9
 63.281,   -2.1, 63.281,   -3.5, 63.281,   -7.9, 63.281,   -7.6
 63.477,   -3.2, 63.477,   -4.8, 63.477,   -6.2, 63.477,   -6.4
 63.672,   -3.5, 63.672,   -6.6, 63.672,   -7.9, 63.672,   -9.4
 63.867,   -5.5, 63.867,   -8.0, 63.867,   -6.6, 63.867,   -6.4
 64.062,   -6.2, 64.062,   -8.0, 64.062,   -7.5, 64.062,   -8.6
 64.258,   -8.0, 64.258,   -8.1, 64.258,   -6.8, 64.258,   -7.2
 64.453,   -7.1, 64.453,   -8.2, 64.453,   -8.6, 64.453,  -10.1
 64.648,   -7.4, 64.648,   -5.8, 64.648,   -6.7, 64.648,   -7.2
 64.844,   -3.5, 64.844,   -4.8, 64.844,   -6.7, 64.844,   -7.9
 65.039,   -3.9, 65.039,   -4.0, 65.039,   -4.8, 65.039,   -4.7
 65.234,   12.5, 65.234,   10.1, 65.234,    7.6, 65.234,    7.7
 65.430,   12.5, 65.430,   11.8, 65.430,    9.4, 65.430,   10.2
 65.625,   -0.7, 65.625,   -3.6, 65.625,   -7.9, 65.625,   -6.7
 65.820,   -2.0, 65.820,   -3.0, 65.820,   -6.6, 65.820,   -5.7
 66.016,   -1.5, 66.016,   -3.7, 66.016,   -7.7, 66.016,   -7.8
 66.211,   -2.7, 66.211,   -3.9, 66.211,   -4.2, 66.211,   -5.3
 66.406,   -2.4, 66.406,   -4.1, 66.406,   -7.1, 66.406,   -7.9
 66.602,   -4.7, 66.602,   -5.0, 66.602,   -5.3, 66.602,   -6.6
 66.797,   -3.6, 66.797,   -6.7, 66.797,   -7.7, 66.797,   -8.7
 66.992,   -4.8, 66.992,   -5.5, 66.992,   -5.5, 66.992,   -5.8
 67.188,   -4.2, 67.188,   -7.8, 67.188,   -8.3, 67.188,   -7.9
 67.383,   -5.7, 67.383,   -7.7, 67.383,   -5.7, 67.383,   -6.0
 67.578,   -4.7, 67.578,   -7.1, 67.578,   -6.8, 67.578,   -6.9
 67.773,   -6.3, 67.773,   -7.8, 67.773,   -4.8, 67.773,   -4.0
 67.969,   -5.3, 67.969,   -8.2, 67.969,   -6.0, 67.969,   -5.5
 68.164,   -7.2, 68.164,   -8.1, 68.164,   -3.5, 68.164,   -3.5
 68.359,   -5.8, 68.359,   -7.4, 68.359,   -4.3, 68.359,   -5.1
 68.555,   -5.9, 68.555,   -5.3, 68.555,   -2.2, 68.555,   -3.3
 68.750,   -2.5, 68.750,   -4.5, 68.750,   -2.8, 68.750,   -4.4
 68.945,   -4.1, 68.945,   -4.1, 68.945,   -2.3, 68.945,   -3.2
 69.141,   -2.7, 69.141,   -3.6, 69.141,   -3.3, 69.141,   -5.9
 69.336,   -4.3, 69.336,   -5.2, 69.336,   -2.4, 69.336,   -4.1
 69.531,   -2.0, 69.531,   -4.7, 69.531,   -4.7, 69.531,   -5.4
 69.727,   -3.0, 69.727,   -4.0, 69.727,   -3.3, 69.727,   -3.7
 69.922,   -2.0, 69.922,   -5.1, 69.922,   -5.2, 69.922,   -5.6
 70.117,   -4.3, 70.117,   -5.6, 70.117,   -3.5, 70.117,   -3.5
 70.312,   -3.7, 70.312,   -5.9, 70.312,   -4.7, 70.312,   -5.5
 70.508,   -5.7, 70.508,   -5.1, 70.508,   -3.7, 70.508,   -3.6
 70.703,   -3.6, 70.703,   -5.0, 70.703,   -6.6, 70.703,   -7.0
 70.898,   -5.4, 70.898,   -6.0, 70.898,   -5.9, 70.898,   -6.5
 71.094,   -2.6, 71.094,   -4.5, 71.094,   -8.0, 71.094,   -8.9
 71.289,   -3.8, 71.289,   -5.1, 71.289,   -6.5, 71.289,   -7.1
 71.484,   -0.8, 71.484,   -3.0, 71.484,   -6.3, 71.484,   -6.2
 71.680,   -1.5, 71.680,   -1.0, 71.680,   -2.9, 71.680,   -2.8
 71.875,    0.7, 71.875,   -0.9, 71.875,   -2.7, 71.875,   -2.7
 72.070,   -0.3, 72.070,   -0.5, 72.070,   -1.5, 72.070,   -1.8
 72.266,    0.8, 72.266,   -1.8, 72.266,   -5.1, 72.266,   -4.9
 72.461,   -1.4, 72.461,   -2.1, 72.461,   -4.8, 72.461,   -4.6
 72.656,   -2.6, 72.656,   -5.6, 72.656,   -7.9, 72.656,   -7.9
 72.852,   -3.5, 72.852,   -5.0, 72.852,   -6.3, 72.852,   -6.2
 73.047,   -3.7, 73.047,   -5.6, 73.047,   -5.7, 73.047,   -7.3
 73.242,   -5.1, 73.242,   -5.2, 73.242,   -3.4, 73.242,   -4.3
 73.438,   -3.1, 73.438,   -5.2, 73.438,   -5.9, 73.438,   -6.9
 73.633,   -4.8, 73.633,   -4.5, 73.633,   -6.1, 73.633,   -5.8
 73.828,   -2.7, 73.828,   -4.3, 73.828,   -7.9, 73.828,   -8.7
 74.023,   -3.9, 74.023,   -4.2, 74.023,   -6.8, 74.023,   -7.0
 74.219,   -2.1, 74.219,   -4.5, 74.219,   -6.2, 74.219,   -7.3
 74.414,   -3.1, 74.414,   -4.0, 74.414,   -5.0, 74.414,   -5.2
 74.609,   -2.2, 74.609,   -4.5, 74.609,   -6.6, 74.609,   -7.0
 74.805,   -3.3, 74.805,   -2.5, 74.805,   -4.3, 74.805,   -4.2
 75.000,   -2.5, 75.000,   -3.6, 75.000,   -6.2, 75.000,   -6.9
 75.195,   -3.2, 75.195,   -3.8, 75.195,   -4.8, 75.195,   -5.3
 75.391,   -2.2, 75.391,   -3.8, 75.391,   -6.6, 75.391,   -7.0
 75.586,   -3.2, 75.586,   -4.7, 75.586,   -4.9, 75.586,   -4.6
 75.781,   -2.8, 75.781,   -6.1, 75.781,   -6.3, 75.781,   -7.9
 75.977,   -3.9, 75.977,   -6.3, 75.977,   -4.7, 75.977,   -6.3
 76.172,   -3.6, 76.172,   -6.0, 76.172,   -7.1, 76.172,   -8.7
 76.367,   -5.6, 76.367,   -6.1, 76.367,   -6.0, 76.367,   -6.5
 76.562,   -4.1, 76.562,   -6.1, 76.562,   -8.1, 76.562,   -8.2
 76.758,   -5.7, 76.758,   -5.4, 76.758,   -6.7, 76.758,   -7.6
 76.953,   -3.9, 76.953,   -5.7, 76.953,   -7.8, 76.953,   -8.4
 77.148,   -4.7, 77.148,   -3.5, 77.148,   -4.8, 77.148,   -5.1
 77.344,   -2.2, 77.344,   -4.4, 77.344,   -5.0, 77.344,   -5.6
 77.539,   -4.0, 77.539,   -4.7, 77.539,   -3.7, 77.539,   -3.3
 77.734,   -3.3, 77.734,   -5.8, 77.734,   -5.0, 77.734,   -5.2
 77.930,   -4.6, 77.930,   -4.2, 77.930,   -1.9, 77.930,   -2.7
 78.125,   -3.5, 78.125,   -5.5, 78.125,   -4.1, 78.125,   -4.1
 78.320,   -4.6, 78.320,   -4.1, 78.320,   -2.5, 78.320,   -3.2
 78.516,   -2.5, 78.516,   -4.5, 78.516,   -3.3, 78.516,   -4.4
 78.711,   -4.6, 78.711,   -4.1, 78.711,   -1.6, 78.711,   -2.9
 78.906,   -2.3, 78.906,   -4.7, 78.906,   -4.0, 78.906,   -4.8
 79.102,   -3.4, 79.102,   -4.6, 79.102,   -3.0, 79.102,   -4.0
 79.297,   -1.6, 79.297,   -4.8, 79.297,   -6.5, 79.297,   -5.5
 79.492,   -4.0, 79.492,   -4.1, 79.492,   -4.4, 79.492,   -5.0
 79.688,   -2.5, 79.688,   -5.5, 79.688,   -7.0, 79.688,   -6.9
 79.883,   -4.7, 79.883,   -4.7, 79.883,   -5.7, 79.883,   -6.2
 80.078,   -2.3, 80.078,   -4.2, 80.078,   -6.8, 80.078,   -7.1
 80.273,   -2.7, 80.273,   -3.6, 80.273,   -5.8, 80.273,   -5.8
 80.469,   -0.2, 80.469,   -3.3, 80.469,   -6.7, 80.469,   -7.1
 80.664,   -2.1, 80.664,   -2.2, 80.664,   -5.2, 80.664,   -5.5
 80.859,   -1.8, 80.859,   -4.1, 80.859,   -7.0, 80.859,   -7.6
 81.055,   -2.8, 81.055,   -2.2, 81.055,   -4.6, 81.055,   -5.6
 81.250,   -0.6, 81.250,   -2.7, 81.250,   -5.7, 81.250,   -6.7
 81.445,   -1.5, 81.445,   -2.5, 81.445,   -3.9, 81.445,   -5.0
 81.641,   -0.9, 81.641,   -3.4, 81.641,   -4.9, 81.641,   -6.3
 81.836,   -3.3, 81.836,   -4.5, 81.836,   -4.4, 81.836,   -5.1
 82.031,   -2.6, 82.031,   -4.4, 82.031,   -6.5, 82.031,   -7.5
 82.227,   -5.1, 82.227,   -5.5, 82.227,   -5.9, 82.227,   -6.3
 82.422,   -4.2, 82.422,   -7.5, 82.422,   -7.6, 82.422,   -7.5
 82.617,   -6.2, 82.617,   -6.8, 82.617,   -6.9, 82.617,   -7.1
 82.812,   -5.5, 82.812,   -7.0, 82.812,   -8.0, 82.812,   -8.3
 83.008,   -7.1, 83.008,   -7.0, 83.008,   -6.0, 83.008,   -7.4
 83.203,   -4.8, 83.203,   -5.0, 83.203,   -7.4, 83.203,   -8.2
 83.398,   -4.6, 83.398,   -4.3, 83.398,   -5.6, 83.398,   -5.2
 83.594,   -2.6, 83.594,   -4.2, 83.594,   -7.0, 83.594,   -6.9
 83.789,   -3.4, 83.789,   -4.3, 83.789,   -5.3, 83.789,   -5.2
 83.984,   -2.1, 83.984,   -3.9, 83.984,   -6.8, 83.984,   -6.7
 84.180,   -4.2, 84.180,   -3.2, 84.180,   -5.0, 84.180,   -5.1
 84.375,   -2.5, 84.375,   -3.3, 84.375,   -5.8, 84.375,   -5.2
 84.570,   -3.3, 84.570,   -3.1, 84.570,   -3.8, 84.570,   -4.6
 84.766,   -2.6, 84.766,   -5.3, 84.766,   -6.1, 84.766,   -6.8
 84.961,   -5.2, 84.961,   -6.6, 84.961,   -4.9, 84.961,   -4.2
 85.156,   -4.5, 85.156,   -6.7, 85.156,   -5.4, 85.156,   -7.3
 85.352,   -6.0, 85.352,   -7.1, 85.352,   -6.0, 85.352,   -6.1
 85.547,   -4.4, 85.547,   -5.7, 85.547,   -8.4, 85.547,   -8.9
 85.742,   -5.5, 85.742,   -5.5, 85.742,   -6.0, 85.742,   -7.1
 85.938,   -5.3, 85.938,   -6.6, 85.938,   -7.1, 85.938,   -7.6
 86.133,   -6.3, 86.133,   -5.8, 86.133,   -5.2, 86.133,   -6.0
 86.328,   -4.5, 86.328,   -6.5, 86.328,   -5.3, 86.328,   -5.6
 86.523,   -4.3, 86.523,   -4.2, 86.523,   -4.3, 86.523,   -4.1
 86.719,   -2.9, 86.719,   -4.7, 86.719,   -7.5, 86.719,   -7.5
 86.914,   -3.9, 86.914,   -3.9, 86.914,   -5.1, 86.914,   -6.1
 87.109,   -1.9, 87.109,   -2.7, 87.109,   -6.1, 87.109,   -6.5
 87.305,   -3.5, 87.305,   -3.9, 87.305,   -3.3, 87.305,   -3.7
 87.500,   -2.8, 87.500,   -4.8, 87.500,   -5.1, 87.500,   -5.1
 87.695,   -3.7, 87.695,   -4.2, 87.695,   -3.3, 87.695,   -3.8
 87.891,   -0.5, 87.891,   -2.5, 87.891,   -5.4, 87.891,   -7.1
 88.086,   -1.4, 88.086,   -3.1, 88.086,   -5.6, 88.086,   -6.6
 88.281,   -1.3, 88.281,   -3.6, 88.281,   -8.7, 88.281,   -9.1
 88.477,   -3.6, 88.477,   -4.2, 88.477,   -8.7, 88.477,   -7.7
 88.672,   -3.9, 88.672,   -7.5, 88.672,  -10.0, 88.672,  -10.1
 88.867,   -5.6, 88.867,   -6.5, 88.867,   -8.4, 88.867,   -7.1
 89.062,   -5.1, 89.062,   -6.5, 89.062,   -7.7, 89.062,   -7.6
 89.258,   -6.3, 89.258,   -5.6, 89.258,   -5.4, 89.258,   -5.9
 89.453,   -3.2, 89.453,   -5.2, 89.453,   -6.9, 89.453,   -7.4
 89.648,   -3.2, 89.648,   -4.2, 89.648,   -4.3, 89.648,   -5.4
 89.844,   -1.0, 89.844,   -3.3, 89.844,   -4.6, 89.844,   -6.0
 90.039,   -1.6, 90.039,   -2.2, 90.039,   -2.9, 90.039,   -3.6
 90.234,   -0.1, 90.234,   -1.1, 90.234,   -2.7, 90.234,   -3.8
 90.430,   -1.5, 90.430,    0.1, 90.430,   -1.4, 90.430,   -2.6
 90.625,    0.4, 90.625,   -0.9, 90.625,   -2.2, 90.625,   -2.5
 90.820,   -1.4, 90.820,   -1.3, 90.820,   -1.8, 90.820,   -1.3
 91.016,   -1.3, 91.016,   -4.5, 91.016,   -3.7, 91.016,   -4.5
 91.211,   -2.6, 91.211,   -3.1, 91.211,   -2.4, 91.211,   -3.0
 91.406,   -1.6, 91.406,   -3.0, 91.406,   -4.5, 91.406,   -5.3
 91.602,   -3.9, 91.602,   -4.3, 91.602,   -3.3, 91.602,   -3.6
 91.797,   -2.9, 91.797,   -5.1, 91.797,   -5.0, 91.797,   -5.1
 91.992,   -5.3, 91.992,   -5.7, 91.992,   -3.4, 91.992,   -3.0
 92.188,   -4.7, 92.188,   -7.4, 92.188,   -4.5, 92.188,   -5.7
 92.383,   -6.6, 92.383,   -7.6, 92.383,   -3.3, 92.383,   -3.3
 92.578,   -5.6, 92.578,   -8.0, 92.578,   -5.8, 92.578,   -6.7
 92.773,   -6.7, 92.773,   -6.4, 92.773,   -4.6, 92.773,   -5.4
 92.969,   -4.5, 92.969,   -6.3, 92.969,   -6.5, 92.969,   -6.9
 93.164,   -5.7, 93.164,   -5.6, 93.164,   -4.8, 93.164,   -4.8
 93.359,   -3.4, 93.359,   -6.3, 93.359,   -6.6, 93.359,   -6.2
 93.555,   -4.6, 93.555,   -4.5, 93.555,   -4.1, 93.555,   -5.0
 93.750,   -1.8, 93.750,   -4.2, 93.750,   -6.2, 93.750,   -6.6
 93.945,   -4.1, 93.945,   -4.6, 93.945,   -4.6, 93.945,   -4.9
 94.141,   -2.6, 94.141,   -4.4, 94.141,   -6.8, 94.141,   -7.4
 94.336,   -5.2, 94.336,   -5.8, 94.336,   -5.8, 94.336,   -6.3
 94.531,   -4.7, 94.531,   -7.6, 94.531,   -8.2, 94.531,   -7.8
 94.727,   -7.9, 94.727,   -9.1, 94.727,   -7.2, 94.727,   -7.0
 94.922,   -7.7, 94.922,  -10.0, 94.922,   -8.4, 94.922,   -9.2
 95.117,   -8.5, 95.117,   -8.8, 95.117,   -6.4, 95.117,   -6.6
 95.312,   -7.7, 95.312,   -9.3, 95.312,   -8.0, 95.312,   -7.8
 95.508,   -8.2, 95.508,   -9.2, 95.508,   -6.6, 95.508,   -5.3
 95.703,   -6.3, 95.703,   -8.1, 95.703,   -7.6, 95.703,   -7.8
 95.898,   -7.4, 95.898,   -7.3, 95.898,   -6.7, 95.898,   -6.8
 96.094,   -5.3, 96.094,   -6.8, 96.094,   -7.5, 96.094,   -7.7
 96.289,   -5.9, 96.289,   -4.5, 96.289,   -5.3, 96.289,   -6.0
 96.484,   -3.1, 96.484,   -4.8, 96.484,   -5.4, 96.484,   -6.9
 96.680,   -4.0, 96.680,   -3.3, 96.680,   -4.0, 96.680,   -4.2
 96.875,   -2.2, 96.875,   -3.3, 96.875,   -5.8, 96.875,   -6.9
 97.070,   -4.7, 97.070,   -4.2, 97.070,   -5.6, 97.070,   -5.9
 97.266,   -3.3, 97.266,   -6.7, 97.266,   -8.5, 97.266,   -9.0
 97.461,   -6.0, 97.461,   -6.4, 97.461,   -5.8, 97.461,   -7.2
 97.656,   -4.8, 97.656,   -8.6, 97.656,   -5.1, 97.656,   -5.9
 97.852,   -7.4, 97.852,   -8.6, 97.852,   -3.5, 97.852,   -3.7
 98.047,   -8.4, 98.047,  -11.3, 98.047,   -5.4, 98.047,   -5.5
 98.242,   -8.7, 98.242,   -9.3, 98.242,   -4.5, 98.242,   -4.0
 98.438,   -8.9, 98.438,  -11.3, 98.438,   -7.6, 98.438,   -7.8
 98.633,   -9.9, 98.633,  -10.1, 98.633,   -6.5, 98.633,   -6.5
 98.828,   -8.7, 98.828,   -9.7, 98.828,   -7.8, 98.828,   -8.1
 99.023,   -8.7, 99.023,   -8.1, 99.023,   -5.6, 99.023,   -5.6
 99.219,   -7.3, 99.219,   -9.2, 99.219,   -6.7, 99.219,   -6.9
 99.414,   -7.9, 99.414,   -7.8, 99.414,   -4.4, 99.414,   -4.2
 99.609,   -5.3, 99.609,   -6.9, 99.609,   -6.4, 99.609,   -7.2
 99.805,   -5.4, 99.805,   -5.1, 99.805,   -4.3, 99.805,   -4.9
100.000,   -2.9,100.000,   -5.6,100.000,   -6.0,100.000,   -6.6
100.195,   -5.3,100.195,   -6.9,100.195,   -5.4,100.195,   -4.9
100.391,   -4.0,100.391,   -7.1,100.391,   -5.6,100.391,   -6.7
100.586,   -6.6,100.586,   -6.9,100.586,   -4.1,100.586,   -4.6
100.781,   -4.1,100.781,   -6.6,100.781,   -5.8,100.781,   -6.3
100.977,   -5.8,100.977,   -5.8,100.977,   -3.7,100.977,   -4.5
101.172,   -5.3,101.172,   -6.7,101.172,   -7.3,101.172,   -8.4
101.367,   -6.7,101.367,   -6.7,101.367,   -6.3,101.367,   -6.3
101.562,   -6.2,101.562,   -7.6,101.562,   -8.5,101.562,   -8.9
101.758,   -8.0,101.758,   -8.2,101.758,   -6.6,101.758,   -5.8
101.953,   -6.8,101.953,  -10.1,101.953,   -7.5,101.953,   -7.4
102.148,   -7.0,102.148,   -7.7,102.148,   -4.6,102.148,   -5.1
102.344,   -4.9,102.344,   -7.7,102.344,   -5.1,102.344,   -4.8
102.539,   -5.7,102.539,   -6.4,102.539,   -2.9,102.539,   -2.6
102.734,   -3.9,102.734,   -7.3,102.734,   -4.0,102.734,   -3.6
102.930,   -4.7,102.930,   -5.1,102.930,   -1.3,102.930,   -0.7
103.125,   -2.4,103.125,   -5.1,103.125,   -2.7,103.125,   -2.5
103.320,   -3.0,103.320,   -3.4,103.320,   -2.0,103.320,   -0.9
103.516,   -1.9,103.516,   -3.8,103.516,   -4.2,103.516,   -4.9
103.711,   -3.3,103.711,   -2.9,103.711,   -4.1,103.711,   -3.8
103.906,   -2.1,103.906,   -3.7,103.906,   -7.7,103.906,   -8.1
104.102,   -4.6,104.102,   -4.0,104.102,   -6.3,104.102,   -6.8
104.297,   -3.8,104.297,   -6.0,104.297,   -6.5,104.297,   -6.6
104.492,   -6.5,104.492,   -7.1,104.492,   -3.9,104.492,   -3.8
104.688,   -4.5,104.688,   -7.2,104.688,   -2.4,104.688,   -4.5
104.883,   -6.1,104.883,   -7.5,104.883,   -2.7,104.883,   -2.2
105.078,   -4.0,105.078,   -5.9,105.078,   -6.6,105.078,   -5.8
105.273,   -6.0,105.273,   -4.7,105.273,   -6.4,105.273,   -5.3
105.469,   -1.6,105.469,   -3.3,105.469,   -7.4,105.469,   -7.4
105.664,   -2.8,105.664,   -3.6,105.664,   -6.0,105.664,   -5.9
105.859,   -2.9,105.859,   -5.0,105.859,   -5.8,105.859,   -7.0
106.055,   -3.9,106.055,   -4.7,106.055,   -4.4,106.055,   -4.7
106.250,   -3.0,106.250,   -5.0,106.250,   -4.0,106.250,   -4.7
106.445,   -4.5,106.445,   -3.4,106.445,   -2.4,106.445,   -3.9
106.641,   -2.9,106.641,   -3.9,106.641,   -5.5,106.641,   -6.8
106.836,   -4.1,106.836,   -3.0,106.836,   -3.8,106.836,   -4.4
107.031,   -2.9,107.031,   -5.7,107.031,   -6.8,107.031,   -7.1
107.227,   -4.2,107.227,   -5.7,107.227,   -4.7,107.227,   -4.8
107.422,   -3.5,107.422,   -6.6,107.422,   -5.7,107.422,   -6.5
107.617,   -4.8,107.617,   -5.5,107.617,   -3.3,107.617,   -3.4
107.812,   -4.2,107.812,   -6.7,107.812,   -6.2,107.812,   -6.6
108.008,   -5.1,108.008,   -6.0,108.008,   -5.4,108.008,   -5.1
108.203,   -4.0,108.203,   -5.4,108.203,   -8.2,108.203,   -7.8
108.398,   -4.1,108.398,   -3.9,108.398,   -5.6,108.398,   -6.1
108.594,   -2.1,108.594,   -3.3,108.594,   -6.0,108.594,   -7.0
108.789,   -3.2,108.789,   -2.7,108.789,   -4.4,108.789,   -4.6
108.984,   -1.7,108.984,   -3.4,108.984,   -6.7,108.984,   -6.7
109.180,   -3.7,109.180,   -2.7,109.180,   -5.1,109.180,   -4.7
109.375,   -1.5,109.375,   -3.8,109.375,   -6.0,109.375,   -6.6
109.570,   -2.7,109.570,   -1.5,109.570,   -4.2,109.570,   -4.1
109.766,   -0.7,109.766,   -2.8,109.766,   -4.0,109.766,   -5.4
109.961,   -2.3,109.961,   -2.4,109.961,   -2.2,109.961,   -2.4
110.156,   -1.6,110.156,   -2.8,110.156,   -3.8,110.156,   -4.5
110.352,   -3.8,110.352,   -4.2,110.352,   -3.8,110.352,   -3.8
110.547,   -2.8,110.547,   -5.4,110.547,   -5.8,110.547,   -6.6
110.742,   -4.5,110.742,   -5.5,110.742,   -4.5,110.742,   -4.4
110.938,   -5.6,110.938,   -7.5,110.938,   -6.3,110.938,   -5.9
111.133,   -7.0,111.133,   -8.1,111.133,   -5.1,111.133,   -5.3
111.328,   -4.9,111.328,   -6.8,111.328,   -7.9,111.328,   -7.3
111.523,   -7.5,111.523,   -7.2,111.523,   -5.9,111.523,   -6.0
111.719,   -4.9,111.719,   -6.3,111.719,   -5.9,111.719,   -7.2
111.914,   -5.9,111.914,   -6.7,111.914,   -4.3,111.914,   -5.4
112.109,   -3.1,112.109,   -5.7,112.109,   -4.3,112.109,   -5.5
112.305,   -3.7,112.305,   -4.3,112.305,   -2.3,112.305,   -2.6
112.500,   -1.9,112.500,   -4.4,112.500,   -3.7,112.500,   -3.9
112.695,   -2.7,112.695,   -4.4,112.695,   -2.9,112.695,   -3.3
112.891,   -3.2,112.891,   -5.4,112.891,   -7.5,112.891,   -7.2
113.086,   -4.9,113.086,   -6.0,113.086,   -6.0,113.086,   -6.2
113.281,   -4.8,113.281,   -7.6,113.281,   -8.1,113.281,   -8.5
113.477,   -7.0,113.477,   -8.1,113.477,   -7.2,113.477,   -7.0
113.672,   -5.8,113.672,   -9.0,113.672,   -8.9,113.672,   -9.9
113.867,   -8.2,113.867,   -9.0,113.867,   -7.9,113.867,   -8.7
114.062,   -6.9,114.062,   -9.6,114.062,   -9.2,114.062,  -10.1
114.258,   -7.9,114.258,   -8.2,114.258,   -8.5,114.258,   -8.9
114.453,   -6.6,114.453,   -8.7,114.453,   -9.2,114.453,  -10.6
114.648,   -6.4,114.648,   -6.4,114.648,   -6.4,114.648,   -7.0
114.844,   -4.1,114.844,   -5.4,114.844,   -7.5,114.844,   -8.0
115.039,   -3.2,115.039,   -3.0,115.039,   -4.3,115.039,   -5.0
115.234,    0.0,115.234,   -2.1,115.234,   -4.7,115.234,   -6.1
115.430,   -0.3,115.430,    0.0,115.430,   -2.1,115.430,   -2.1
115.625,    0.0,115.625,   -1.3,115.625,   -4.8,115.625,   -4.6
115.820,   -1.9,115.820,   -2.3,115.820,   -3.4,115.820,   -2.7
116.016,   -0.6,116.016,   -2.9,116.016,   -4.7,116.016,   -5.7
116.211,   -4.5,116.211,   -4.0,116.211,   -3.9,116.211,   -4.3
116.406,   -4.2,116.406,   -6.2,116.406,   -4.2,116.406,   -5.8
116.602,   -5.8,116.602,   -6.4,116.602,   -3.4,116.602,   -4.2
116.797,   -3.7,116.797,   -6.0,116.797,   -5.3,116.797,   -7.0
116.992,   -4.6,116.992,   -5.8,116.992,   -4.3,116.992,   -5.0
117.188,   -3.6,117.188,   -4.9,117.188,   -7.5,117.188,   -8.2
117.383,   -5.6,117.383,   -5.9,117.383,   -4.9,117.383,   -6.0
117.578,   -4.5,117.578,   -5.6,117.578,   -5.9,117.578,   -6.9
117.773,   -5.8,117.773,   -5.5,117.773,   -3.1,117.773,   -3.3
117.969,   -3.4,117.969,   -3.6,117.969,   -4.3,117.969,   -4.1
118.164,   -5.5,118.164,   -4.7,118.164,   -3.0,118.164,   -2.4
118.359,   -4.3,118.359,   -5.2,118.359,   -4.9,118.359,   -4.5
118.555,   -4.3,118.555,   -4.6,118.555,   -3.0,118.555,   -2.9
118.750,   -1.8,118.750,   -4.5,118.750,   -4.3,118.750,   -4.0
118.945,   -3.7,118.945,   -3.6,118.945,   -3.4,118.945,   -3.2
119.141,   -2.2,119.141,   -4.1,119.141,   -5.2,119.141,   -5.5
119.336,   -4.4,119.336,   -4.6,119.336,   -4.2,119.336,   -4.2
119.531,   -3.0,119.531,   -5.2,119.531,   -5.9,119.531,   -6.5
119.727,   -4.9,119.727,   -5.4,119.727,   -5.1,119.727,   -4.4
119.922,   -4.2,119.922,   -7.7,119.922,   -6.8,119.922,   -6.8
120.117,   -4.8,120.117,   -7.2,120.117,   -5.6,120.117,   -5.9
120.312,   -4.9,120.312,   -7.0,120.312,   -8.3,120.312,   -8.1
120.508,   -6.9,120.508,   -7.5,120.508,   -6.8,120.508,   -7.5
120.703,   -5.2,120.703,   -8.0,120.703,   -9.1,120.703,   -9.4
120.898,   -8.1,120.898,   -8.1,120.898,   -7.2,120.898,   -7.8
121.094,   -5.5,121.094,   -7.6,121.094,   -8.5,121.094,   -8.7
121.289,   -6.5,121.289,   -6.6,121.289,   -9.5,121.289,   -8.8
121.484,   -2.7,121.484,   -3.5,121.484,  -15.7,121.484,  -15.0
121.680,   -4.0,121.680,   -3.3,121.680,  -21.1,121.680,  -20.0
121.875,   -1.4,121.875,   -3.5,121.875,  -31.6,121.875,  -30.2
122.070,   -2.8,122.070,   -3.8,122.070,  -36.5,122.070,  -35.0
122.266,   -2.7,122.266,   -4.7,122.266,  -53.3,122.266,  -53.2
122.461,   -3.7,122.461,   -3.6,122.461,  -59.9,122.461,  -58.0
122.656,   -2.8,122.656,   -4.8,122.656,  -75.3,122.656,  -76.6
122.852,   -4.6,122.852,   -5.1,122.852,  -83.2,122.852,  -83.2
123.047,   -3.1,123.047,   -4.9,123.047, -100.0,123.047, -100.6
123.242,   -4.2,123.242,   -5.7,123.242, -109.1,123.242, -107.0
123.438,   -2.9,123.438,   -5.1,123.438, -120.3,123.438, -120.6
123.633,   -4.1,123.633,   -4.3,123.633, -124.1,123.633, -123.4
123.828,   -3.9,123.828,   -4.8,123.828, -128.0,123.828, -128.6
124.023,   -3.7,124.023,   -3.7,124.023, -123.3,124.023, -123.9
124.219,   -2.5,124.219,   -4.2,124.219, -125.3,124.219, -125.8
124.414,   -4.3,124.414,   -4.6,124.414, -125.2,124.414, -125.9
124.609,   -3.4,124.609,   -5.9,124.609, -134.4,124.609, -134.7
124.805,   -4.2,124.805,   -5.1,124.805, -136.6,124.805, -135.5
125.000,   -2.6,125.000,   -4.9,125.000, -147.6,125.000, -146.7
125.195,   -5.7,125.195,   -6.4,125.195, -151.4,125.195, -151.4
125.391,   -6.1,125.391,   -8.9,125.391, -160.5,125.391, -160.7
125.586,   -8.1,125.586,  -10.0,125.586, -158.3,125.586, -159.3
125.781,  -10.1,125.781,  -13.3,125.781, -162.2,125.781, -163.1
125.977,  -13.1,125.977,  -13.4,125.977, -160.8,125.977, -161.6
126.172,  -13.1,126.172,  -15.8,126.172, -164.8,126.172, -164.5
126.367,  -15.7,126.367,  -16.0,126.367, -166.0,126.367, -165.6
126.562,  -15.1,126.562,  -17.9,126.562, -177.5,126.562, -175.8
126.758,  -17.5,126.758,  -17.1,126.758, -180.5,126.758, -179.1
126.953,  -15.4,126.953,  -18.1,126.953, -189.4,126.953, -188.5
127.148,  -18.1,127.148,  -16.7,127.148, -189.3,127.148, -190.5
127.344,  -16.4,127.344,  -18.3,127.344, -190.9,127.344, -193.0
127.539,  -18.6,127.539,  -20.1,127.539, -188.7,127.539, -190.0
127.734,  -18.1,127.734,  -22.7,127.734, -185.7,127.734, -187.3
127.930,  -21.7,127.930,  -24.1,127.930, -180.4,127.930, -181.9
128.125,  -21.2,128.125,  -25.8,128.125, -174.1,128.125, -176.8
128.320,  -26.0,128.320,  -27.3,128.320, -170.9,128.320, -171.6
128.516,  -25.2,128.516,  -27.8,128.516, -167.5,128.516, -167.8
128.711,  -28.8,128.711,  -29.9,128.711, -166.0,128.711, -164.9
128.906,  -28.2,128.906,  -31.7,128.906, -163.2,128.906, -163.8
129.102,  -30.6,129.102,  -32.0,129.102, -159.8,129.102, -160.5
129.297,  -31.7,129.297,  -34.3,129.297, -160.5,129.297, -161.5
129.492,  -33.2,129.492,  -34.0,129.492, -158.3,129.492, -159.0
129.688,  -33.5,129.688,  -34.4,129.688, -159.5,129.688, -161.2
129.883,  -35.5,129.883,  -35.0,129.883, -158.6,129.883, -158.6
130.078,  -35.0,130.078,  -38.8,130.078, -160.5,130.078, -159.8
130.273,  -37.8,130.273,  -38.6,130.273, -157.7,130.273, -157.6
130.469,  -38.8,130.469,  -43.3,130.469, -159.3,130.469, -159.7
130.664,  -40.0,130.664,  -42.5,130.664, -158.7,130.664, -157.7
130.859,  -41.5,130.859,  -44.6,130.859, -163.8,130.859, -162.8
131.055,  -42.1,131.055,  -42.5,131.055, -160.7,131.055, -161.2
131.250,  -41.4,131.250,  -44.5,131.250, -163.5,131.250, -164.0
131.445,  -44.3,131.445,  -44.9,131.445, -161.0,131.445, -160.5
131.641,  -44.7,131.641,  -46.3,131.641, -162.2,131.641, -161.3
131.836,  -45.5,131.836,  -46.4,131.836, -160.3,131.836, -159.5
132.031,  -45.5,132.031,  -48.6,132.031, -162.7,132.031, -162.4
132.227,  -49.0,132.227,  -49.3,132.227, -163.0,132.227, -162.5
132.422,  -49.2,132.422,  -51.1,132.422, -166.9,132.422, -166.2
132.617,  -50.7,132.617,  -50.7,132.617, -166.5,132.617, -166.2
132.812,  -49.0,132.812,  -51.9,132.812, -170.6,132.812, -169.3
133.008,  -50.2,133.008,  -51.7,133.008, -168.2,133.008, -167.7
133.203,  -50.2,133.203,  -54.2,133.203, -170.4,133.203, -170.0
133.398,  -51.4,133.398,  -52.5,133.398, -167.4,133.398, -166.7
133.594,  -49.7,133.594,  -53.7,133.594, -163.3,133.594, -163.4
133.789,  -51.4,133.789,  -52.7,133.789, -154.5,133.789, -154.5
133.984,  -50.3,133.984,  -53.1,133.984, -145.8,133.984, -146.8
134.180,  -53.0,134.180,  -52.7,134.180, -139.5,134.180, -140.2
134.375,  -50.3,134.375,  -51.8,134.375, -140.5,134.375, -139.4
134.570,  -52.6,134.570,  -52.7,134.570, -142.2,134.570, -141.1
134.766,  -50.9,134.766,  -53.6,134.766, -146.5,134.766, -145.7
134.961,  -54.5,134.961,  -55.2,134.961, -147.9,134.961, -147.5
135.156,  -53.0,135.156,  -56.2,135.156, -152.4,135.156, -151.7
135.352,  -54.7,135.352,  -56.1,135.352, -154.0,135.352, -153.2
135.547,  -53.6,135.547,  -53.6,135.547, -155.2,135.547, -155.7
135.742,  -54.9,135.742,  -53.8,135.742, -152.1,135.742, -151.8
135.938,  -52.9,135.938,  -54.7,135.938, -149.9,135.938, -151.0
136.133,  -54.4,136.133,  -54.5,136.133, -143.3,136.133, -146.1
136.328,  -51.9,136.328,  -54.4,136.328, -136.2,136.328, -139.8
136.523,  -52.8,136.523,  -54.7,136.523, -131.2,136.523, -133.2
136.719,  -51.6,136.719,  -55.2,136.719, -128.7,136.719, -129.6
136.914,  -54.2,136.914,  -54.8,136.914, -125.8,136.914, -126.6
137.109,  -53.8,137.109,  -56.0,137.109, -125.8,137.109, -126.8
137.305,  -55.6,137.305,  -55.4,137.305, -121.7,137.305, -121.9
137.500,  -53.3,137.500,  -55.6,137.500, -116.1,137.500, -118.4
137.695,  -53.5,137.695,  -54.2,137.695, -115.1,137.695, -116.8
137.891,  -52.1,137.891,  -55.0,137.891, -117.7,137.891, -119.5
138.086,  -52.9,138.086,  -53.9,138.086, -117.3,138.086, -118.8
138.281,  -52.3,138.281,  -53.0,138.281, -121.6,138.281, -122.7
138.477,  -53.4,138.477,  -51.7,138.477, -120.1,138.477, -123.4
138.672,  -51.9,138.672,  -52.7,138.672, -120.3,138.672, -121.5
138.867,  -52.8,138.867,  -50.6,138.867, -115.3,138.867, -116.4
139.062,  -51.3,139.062,  -53.0,139.062, -115.4,139.062, -117.3
139.258,  -51.9,139.258,  -51.2,139.258, -111.7,139.258, -114.2
139.453,  -51.0,139.453,  -52.7,139.453, -115.4,139.453, -117.1
139.648,  -50.7,139.648,  -49.4,139.648, -112.2,139.648, -114.4
139.844,  -48.5,139.844,  -48.2,139.844, -112.3,139.844, -113.6
140.039,  -48.2,140.039,  -46.6,140.039, -109.3,140.039, -111.5
140.234,  -46.8,140.234,  -47.8,140.234, -110.5,140.234, -111.0
140.430,  -45.4,140.430,  -46.1,140.430, -108.3,140.430, -109.0
140.625,  -42.8,140.625,  -46.2,140.625, -106.6,140.625, -108.3
140.820,  -42.5,140.820,  -44.1,140.820, -105.5,140.820, -106.6
141.016,  -41.7,141.016,  -44.1,141.016, -106.1,141.016, -107.9
141.211,  -41.3,141.211,  -42.0,141.211, -104.7,141.211, -105.8
141.406,  -42.5,141.406,  -43.4,141.406, -106.7,141.406, -108.3
141.602,  -43.7,141.602,  -42.1,141.602, -104.9,141.602, -105.9
141.797,  -44.2,141.797,  -44.5,141.797, -104.6,141.797, -106.9
141.992,  -42.5,141.992,  -42.2,141.992, -101.2,141.992, -102.8
142.188,  -42.7,142.188,  -44.5,142.188, -101.6,142.188, -103.3
142.383,  -42.0,142.383,  -42.2,142.383,  -97.5,142.383,  -98.6
142.578,  -42.4,142.578,  -44.9,142.578,  -96.9,142.578,  -99.3
142.773,  -41.8,142.773,  -42.8,142.773,  -93.9,142.773,  -95.4
142.969,  -42.9,142.969,  -44.3,142.969,  -91.6,142.969,  -93.3
143.164,  -42.8,143.164,  -43.0,143.164,  -86.1,143.164,  -87.9
143.359,  -42.5,143.359,  -43.9,143.359,  -85.6,143.359,  -86.0
143.555,  -40.0,143.555,  -41.1,143.555,  -81.0,143.555,  -82.4
143.750,  -39.3,143.750,  -40.4,143.750,  -78.7,143.750,  -81.1
143.945,  -37.9,143.945,  -37.9,143.945,  -73.4,143.945,  -74.6
144.141,  -38.6,144.141,  -39.3,144.141,  -69.2,144.141,  -71.0
144.336,  -37.8,144.336,  -37.5,144.336,  -65.1,144.336,  -66.7
144.531,  -37.6,144.531,  -40.0,144.531,  -59.8,144.531,  -61.1
144.727,  -37.9,144.727,  -38.2,144.727,  -55.6,144.727,  -56.8
144.922,  -39.3,144.922,  -40.8,144.922,  -53.9,144.922,  -54.7
145.117,  -39.9,145.117,  -39.6,145.117,  -49.7,145.117,  -50.8
145.312,  -39.6,145.312,  -40.8,145.312,  -50.5,145.312,  -51.8
145.508,  -39.9,145.508,  -39.3,145.508,  -49.4,145.508,  -50.0
145.703,  -38.8,145.703,  -40.2,145.703,  -54.2,145.703,  -54.0
145.898,  -37.3,145.898,  -37.8,145.898,  -53.0,145.898,  -52.9
146.094,  -37.3,146.094,  -40.0,146.094,  -56.7,146.094,  -55.5
146.289,  -36.8,146.289,  -37.4,146.289,  -52.7,146.289,  -53.1
146.484,  -37.7,146.484,  -38.3,146.484,  -54.2,146.484,  -56.0
146.680,  -36.3,146.680,  -36.1,146.680,  -51.7,146.680,  -53.5
146.875,  -35.6,146.875,  -37.3,146.875,  -56.9,146.875,  -57.7
147.070,  -36.2,147.070,  -36.6,147.070,  -57.2,147.070,  -58.2
147.266,  -36.9,147.266,  -38.3,147.266,  -61.6,147.266,  -63.6
147.461,  -35.7,147.461,  -36.8,147.461,  -60.7,147.461,  -60.8
147.656,  -36.5,147.656,  -38.6,147.656,  -65.4,147.656,  -66.4
147.852,  -36.6,147.852,  -36.8,147.852,  -65.0,147.852,  -65.6
148.047,  -35.9,148.047,  -37.9,148.047,  -70.5,148.047,  -70.7
148.242,  -35.6,148.242,  -35.2,148.242,  -69.1,148.242,  -69.3
148.438,  -34.6,148.438,  -35.2,148.438,  -69.3,148.438,  -70.4
148.633,  -33.0,148.633,  -33.5,148.633,  -66.0,148.633,  -66.8
148.828,  -33.5,148.828,  -34.7,148.828,  -61.6,148.828,  -63.8
149.023,  -31.7,149.023,  -32.1,149.023,  -57.7,149.023,  -60.4
149.219,  -33.7,149.219,  -35.0,149.219,  -59.1,149.219,  -60.2
149.414,  -32.4,149.414,  -32.2,149.414,  -55.3,149.414,  -56.6
149.609,  -33.6,149.609,  -33.9,149.609,  -55.2,149.609,  -56.1
149.805,  -32.2,149.805,  -31.9,149.805,  -51.2,149.805,  -51.9
150.000,  -30.5,150.000,  -31.6,150.000,  -49.4,150.000,  -50.1
150.195,  -29.5,150.195,  -28.8,150.195,  -45.1,150.195,  -46.3
150.391,  -28.8,150.391,  -31.1,150.391,  -45.3,150.391,  -46.2
150.586,  -27.4,150.586,  -29.1,150.586,  -42.3,150.586,  -43.0
150.781,  -28.4,150.781,  -31.4,150.781,  -46.5,150.781,  -47.5
150.977,  -29.8,150.977,  -30.1,150.977,  -45.4,150.977,  -45.9
151.172,  -30.0,151.172,  -31.1,151.172,  -50.3,151.172,  -50.5
151.367,  -29.1,151.367,  -28.6,151.367,  -47.6,151.367,  -48.1
151.562,  -28.5,151.562,  -29.5,151.562,  -48.1,151.562,  -49.3
151.758,  -28.1,151.758,  -28.3,151.758,  -44.0,151.758,  -45.6
151.953,  -29.0,151.953,  -30.0,151.953,  -41.5,151.953,  -43.0
152.148,  -26.9,152.148,  -28.0,152.148,  -38.9,152.148,  -40.1
152.344,  -26.8,152.344,  -28.9,152.344,  -38.7,152.344,  -39.4
152.539,  -26.5,152.539,  -27.0,152.539,  -35.9,152.539,  -35.4
152.734,  -25.2,152.734,  -26.4,152.734,  -38.9,152.734,  -38.7
152.930,  -23.5,152.930,  -23.3,152.930,  -37.7,152.930,  -36.1
153.125,  -22.2,153.125,  -23.3,153.125,  -38.1,153.125,  -38.2
153.320,  -20.6,153.320,  -21.3,153.320,  -36.6,153.320,  -36.8
153.516,  -20.8,153.516,  -23.6,153.516,  -35.8,153.516,  -37.4
153.711,  -20.4,153.711,  -22.4,153.711,  -33.5,153.711,  -35.0
153.906,  -21.9,153.906,  -22.8,153.906,  -32.5,153.906,  -33.8
154.102,  -20.6,154.102,  -21.4,154.102,  -28.7,154.102,  -29.6
154.297,  -22.4,154.297,  -23.8,154.297,  -27.7,154.297,  -27.1
154.492,  -21.5,154.492,  -22.1,154.492,  -24.2,154.492,  -24.1
154.688,  -21.8,154.688,  -23.9,154.688,  -22.8,154.688,  -22.7
154.883,  -21.4,154.883,  -23.9,154.883,  -19.7,154.883,  -20.0
155.078,  -22.9,155.078,  -24.9,155.078,  -19.5,155.078,  -20.1
155.273,  -22.2,155.273,  -23.1,155.273,  -16.6,155.273,  -17.1
155.469,  -23.2,155.469,  -24.3,155.469,  -18.2,155.469,  -18.2
155.664,  -21.3,155.664,  -22.2,155.664,  -15.7,155.664,  -15.9
155.859,  -22.3,155.859,  -24.2,155.859,  -17.1,155.859,  -17.1
156.055,  -19.8,156.055,  -21.5,156.055,  -13.8,156.055,  -14.5
156.250,  -19.5,156.250,  -21.7,156.250,  -13.6,156.250,  -14.6
156.445,  -19.9,156.445,  -19.2,156.445,  -10.3,156.445,  -11.6
156.641,  -19.7,156.641,  -20.9,156.641,  -11.2,156.641,  -12.8
156.836,  -18.9,156.836,  -19.4,156.836,   -8.5,156.836,   -9.7
157.031,  -19.2,157.031,  -22.3,157.031,  -11.0,157.031,  -12.1
157.227,  -20.7,157.227,  -21.8,157.227,   -9.4,157.227,   -8.5
157.422,  -21.4,157.422,  -23.7,157.422,   -9.0,157.422,   -9.8
157.617,  -20.3,157.617,  -21.6,157.617,   -5.4,157.617,   -5.8
157.812,  -21.7,157.812,  -23.9,157.812,   -3.5,157.812,   -4.9
158.008,  -21.4,158.008,  -21.3,158.008,    1.2,158.008,   -0.7
158.203,  -22.1,158.203,  -22.3,158.203,    1.5,158.203,    1.3
158.398,  -20.0,158.398,  -20.0,158.398,    4.9,158.398,    4.9
158.594,  -19.5,158.594,  -21.0,158.594,    6.1,158.594,    6.1
158.789,  -17.9,158.789,  -19.0,158.789,   10.9,158.789,    9.6
158.984,  -17.5,158.984,  -19.2,158.984,   11.0,158.984,   10.2
159.180,  -17.6,159.180,  -17.8,159.180,   13.2,159.180,   11.8
159.375,  -17.1,159.375,  -19.6,159.375,    8.8,159.375,    8.6
159.570,  -16.8,159.570,  -18.5,159.570,    8.4,159.570,    9.1
159.766,  -18.4,159.766,  -20.9,159.766,    4.3,159.766,    5.1
159.961,  -18.4,159.961,  -19.9,159.961,    6.7,159.961,    6.6
160.156,  -19.5,160.156,  -22.1,160.156,    3.6,160.156,    3.6
160.352,  -19.8,160.352,  -19.5,160.352,    5.1,160.352,    5.0
160.547,  -19.2,160.547,  -22.2,160.547,    1.6,160.547,    1.5
160.742,  -20.0,160.742,  -21.4,160.742,    2.5,160.742,    2.7
160.938,  -19.4,160.938,  -22.5,160.938,    0.1,160.938,   -0.7
161.133,  -18.5,161.133,  -20.1,161.133,    3.1,161.133,    2.0
161.328,  -19.0,161.328,  -22.5,161.328,    1.1,161.328,    0.5
161.523,  -18.0,161.523,  -20.3,161.523,    4.1,161.523,    4.0
161.719,  -18.3,161.719,  -21.6,161.719,    3.5,161.719,    2.9
161.914,  -19.3,161.914,  -20.0,161.914,    5.4,161.914,    5.4
162.109,  -18.8,162.109,  -21.0,162.109,    6.4,162.109,    6.1
162.305,  -18.6,162.305,  -20.0,162.305,    7.9,162.305,    8.3
162.500,  -17.8,162.500,  -19.8,162.500,    5.8,162.500,    4.9
162.695,  -17.0,162.695,  -17.8,162.695,    7.5,162.695,    5.8
162.891,  -17.2,162.891,  -18.3,162.891,    2.7,162.891,    0.9
163.086,  -15.6,163.086,  -15.9,163.086,    5.1,163.086,    2.6
163.281,  -15.4,163.281,  -17.5,163.281,    1.7,163.281,   -0.4
163.477,  -17.0,163.477,  -17.3,163.477,    4.0,163.477,    1.8
163.672,  -17.4,163.672,  -18.8,163.672,    5.1,163.672,    4.0
163.867,  -16.0,163.867,  -17.4,163.867,    7.9,163.867,    7.2
164.062,  -16.0,164.062,  -18.5,164.062,    8.8,164.062,    7.9
164.258,  -15.7,164.258,  -16.7,164.258,   12.0,164.258,   10.9
164.453,  -16.5,164.453,  -18.0,164.453,   11.3,164.453,   10.0
164.648,  -14.8,164.648,  -15.5,164.648,   13.7,164.648,   13.6
164.844,  -14.6,164.844,  -16.5,164.844,   14.5,164.844,   13.2
165.039,  -14.5,165.039,  -14.9,165.039,   18.3,165.039,   18.2
165.234,  -15.8,165.234,  -17.0,165.234,   22.1,165.234,   21.2
165.430,  -14.2,165.430,  -14.7,165.430,   24.3,165.430,   24.1
165.625,  -13.4,165.625,  -15.9,165.625,   22.9,165.625,   23.2
165.820,  -13.2,165.820,  -13.7,165.820,   25.5,165.820,   25.1
166.016,  -13.1,166.016,  -15.5,166.016,   21.6,166.016,   21.9
166.211,  -11.5,166.211,  -13.3,166.211,   23.4,166.211,   23.6
166.406,  -12.1,166.406,  -15.9,166.406,   17.8,166.406,   17.6
166.602,  -13.9,166.602,  -15.2,166.602,   18.5,166.602,   18.5
166.797,  -15.5,166.797,  -17.1,166.797,   14.3,166.797,   13.1
166.992,  -14.6,166.992,  -15.4,166.992,   16.8,166.992,   16.3
167.188,  -14.8,167.188,  -16.5,167.188,   16.7,167.188,   15.3
167.383,  -14.5,167.383,  -13.8,167.383,   20.1,167.383,   18.2
167.578,  -13.8,167.578,  -15.9,167.578,   20.1,167.578,   18.4
167.773,  -13.2,167.773,  -13.7,167.773,   23.4,167.773,   23.2
167.969,  -12.2,167.969,  -13.7,167.969,   20.5,167.969,   20.2
168.164,  -11.4,168.164,  -12.1,168.164,   22.7,168.164,   22.3
168.359,  -12.0,168.359,  -12.5,168.359,   19.6,168.359,   18.9
168.555,  -10.7,168.555,   -9.2,168.555,   21.6,168.555,   21.0
168.750,   -9.3,168.750,  -10.9,168.750,   19.2,168.750,   18.4
168.945,   -8.7,168.945,   -9.7,168.945,   21.7,168.945,   20.8
169.141,  -10.1,169.141,  -13.0,169.141,   19.5,169.141,   19.0
169.336,   -9.9,169.336,  -12.6,169.336,   22.2,169.336,   21.8
169.531,  -12.1,169.531,  -14.5,169.531,   21.1,169.531,   19.7
169.727,  -11.5,169.727,  -12.6,169.727,   21.8,169.727,   21.5
169.922,  -12.8,169.922,  -14.3,169.922,   16.1,169.922,   17.0
170.117,  -11.7,170.117,  -12.0,170.117,   17.9,170.117,   17.9
170.312,  -11.7,170.312,  -13.6,170.312,   12.6,170.312,   13.9
170.508,  -10.5,170.508,  -11.8,170.508,   15.4,170.508,   15.5
170.703,  -11.9,170.703,  -12.8,170.703,   14.8,170.703,   14.3
170.898,  -10.4,170.898,  -11.5,170.898,   17.8,170.898,   18.2
171.094,   -9.8,171.094,  -11.9,171.094,   20.3,171.094,   20.1
171.289,  -10.3,171.289,  -11.1,171.289,   23.6,171.289,   24.3
171.484,   -9.6,171.484,  -11.5,171.484,   22.0,171.484,   22.1
171.680,   -8.9,171.680,   -8.9,171.680,   22.3,171.680,   23.5
171.875,   -8.6,171.875,   -9.6,171.875,   16.9,171.875,   17.6
172.070,   -9.7,172.070,   -9.7,172.070,   16.9,172.070,   17.8
172.266,   -9.6,172.266,  -11.0,172.266,   13.5,172.266,   13.4
172.461,   -9.7,172.461,   -9.2,172.461,   15.7,172.461,   14.7
172.656,   -9.6,172.656,  -10.7,172.656,   14.3,172.656,   13.7
172.852,   -9.6,172.852,   -9.2,172.852,   17.3,172.852,   16.8
173.047,  -10.1,173.047,  -11.6,173.047,   16.6,173.047,   15.9
173.242,  -10.1,173.242,  -10.3,173.242,   18.5,173.242,   18.4
173.438,  -11.8,173.438,  -14.7,173.438,   15.1,173.438,   15.1
173.633,  -11.4,173.633,  -13.0,173.633,   17.6,173.633,   17.7
173.828,  -13.1,173.828,  -15.2,173.828,   14.0,173.828,   14.6
174.023,  -11.1,174.023,  -11.4,174.023,   16.5,174.023,   17.3
174.219,  -11.0,174.219,  -11.8,174.219,   12.8,174.219,   13.0
174.414,  -10.5,174.414,  -10.2,174.414,   14.4,174.414,   14.6
174.609,  -10.4,174.609,  -12.5,174.609,   12.3,174.609,   11.6
174.805,   -9.6,174.805,  -10.0,174.805,   16.5,174.805,   14.6
175.000,  -10.0,175.000,  -11.1,175.000,   14.4,175.000,   12.6
175.195,   -8.4,175.195,  -10.3,175.195,   17.5,175.195,   16.3
175.391,   -9.0,175.391,  -10.8,175.391,   13.6,175.391,   13.5
175.586,   -9.0,175.586,   -9.8,175.586,   14.1,175.586,   14.7
175.781,   -9.1,175.781,  -10.0,175.781,   12.7,175.781,   12.8
175.977,   -9.0,175.977,   -9.8,175.977,   14.3,175.977,   14.2
176.172,   -9.4,176.172,  -13.9,176.172,   11.6,176.172,   12.6
176.367,   -8.9,176.367,  -10.0,176.367,   13.4,176.367,   14.4
176.562,   -9.6,176.562,  -12.7,176.562,    9.9,176.562,   10.4
176.758,   -8.9,176.758,  -10.3,176.758,   11.8,176.758,   12.2
176.953,   -9.0,176.953,  -11.4,176.953,    6.5,176.953,    5.8
177.148,   -9.1,177.148,   -9.1,177.148,    7.7,177.148,    6.5
177.344,   -8.5,177.344,  -10.8,177.344,    1.1,177.344,    0.9
177.539,   -7.7,177.539,   -8.4,177.539,    3.1,177.539,    3.6
177.734,   -9.2,177.734,  -10.8,177.734,    2.0,177.734,    1.8
177.930,   -8.5,177.930,   -8.0,177.930,    5.4,177.930,    4.3
178.125,   -9.3,178.125,  -10.4,178.125,    5.5,178.125,    6.0
178.320,   -8.4,178.320,   -8.9,178.320,    8.0,178.320,    8.0
178.516,   -9.3,178.516,  -11.7,178.516,    9.3,178.516,    8.8
178.711,   -9.4,178.711,  -10.0,178.711,   11.7,178.711,   11.8
178.906,  -10.7,178.906,  -11.7,178.906,   13.1,178.906,   12.3
179.102,  -11.4,179.102,  -11.8,179.102,   16.5,179.102,   15.7
179.297,  -11.2,179.297,  -13.7,179.297,   14.0,179.297,   14.2
179.492,  -10.6,179.492,  -13.2,179.492,   14.8,179.492,   15.1
179.688,  -11.5,179.688,  -14.7,179.688,   11.6,179.688,   11.7
179.883,  -11.2,179.883,  -13.5,179.883,   13.3,179.883,   12.8
180.078,  -12.5,180.078,  -13.8,180.078,   11.2,180.078,   10.5
180.273,  -11.5,180.273,  -10.8,180.273,   15.1,180.273,   13.6
180.469,   -9.8,180.469,   -9.5,180.469,   15.0,180.469,   14.9
180.664,   -8.8,180.664,   -7.4,180.664,   19.1,180.664,   18.9
180.859,   -6.7,180.859,   -8.7,180.859,   20.2,180.859,   20.3
181.055,   -4.9,181.055,   -6.8,181.055,   23.2,181.055,   23.8
181.250,   -6.2,181.250,   -8.5,181.250,   23.5,181.250,   22.8
181.445,   -5.9,181.445,   -6.6,181.445,   25.6,181.445,   25.2
181.641,   -6.1,181.641,   -8.5,181.641,   20.7,181.641,   20.5
181.836,   -5.3,181.836,   -6.9,181.836,   22.4,181.836,   22.4
182.031,   -7.1,182.031,   -9.5,182.031,   18.6,182.031,   17.3
182.227,   -7.0,182.227,   -8.3,182.227,   19.5,182.227,   18.8
182.422,  -10.8,182.422,  -12.8,182.422,   15.7,182.422,   14.2
182.617,  -11.0,182.617,  -11.4,182.617,   16.5,182.617,   17.4
182.812,  -12.5,182.812,  -14.5,182.812,   13.5,182.812,   13.6
183.008,  -11.5,183.008,  -12.4,183.008,   14.5,183.008,   16.1
183.203,  -12.4,183.203,  -13.0,183.203,   11.9,183.203,   12.5
183.398,  -10.4,183.398,  -11.0,183.398,   14.3,183.398,   14.3
183.594,   -9.5,183.594,  -10.9,183.594,   13.1,183.594,   13.0
183.789,   -8.9,183.789,   -7.7,183.789,   16.7,183.789,   16.2
183.984,   -7.5,183.984,   -9.0,183.984,   17.1,183.984,   15.5
184.180,   -5.6,184.180,   -6.5,184.180,   19.6,184.180,   19.0
184.375,   -5.4,184.375,   -7.3,184.375,   17.6,184.375,   16.9
184.570,   -3.6,184.570,   -5.4,184.570,   19.0,184.570,   18.8
184.766,   -3.4,184.766,   -5.2,184.766,   16.1,184.766,   16.1
184.961,   -4.4,184.961,   -5.0,184.961,   17.5,184.961,   16.4
185.156,   -3.8,185.156,   -5.7,185.156,   16.9,185.156,   16.3
185.352,   -6.3,185.352,   -7.0,185.352,   21.3,185.352,   21.3
185.547,   -7.0,185.547,   -9.9,185.547,   23.4,185.547,   22.6
185.742,   -6.2,185.742,   -8.1,185.742,   27.4,185.742,   26.1
185.938,   -7.7,185.938,   -9.0,185.938,   24.2,185.938,   24.7
186.133,   -7.7,186.133,   -7.0,186.133,   25.9,186.133,   26.2
186.328,   -8.0,186.328,   -8.5,186.328,   21.0,186.328,   22.0
186.523,   -6.2,186.523,   -6.4,186.523,   22.9,186.523,   23.3
186.719,   -6.1,186.719,   -7.5,186.719,   18.1,186.719,   18.8
186.914,   -6.8,186.914,   -6.8,186.914,   19.4,186.914,   21.1
187.109,   -6.8,187.109,   -7.7,187.109,   18.4,187.109,   17.1
187.305,   -6.0,187.305,   -5.5,187.305,   20.8,187.305,   20.0
187.500,   -5.1,187.500,   -7.5,187.500,   19.9,187.500,   19.4
187.695,   -4.9,187.695,   -5.2,187.695,   23.0,187.695,   22.3
187.891,   -5.2,187.891,   -7.4,187.891,   23.2,187.891,   22.6
188.086,   -4.1,188.086,   -5.8,188.086,   25.3,188.086,   24.4
188.281,   -4.9,188.281,   -6.7,188.281,   22.9,188.281,   22.6
188.477,   -7.0,188.477,   -6.8,188.477,   23.7,188.477,   22.6
188.672,   -7.6,188.672,   -8.9,188.672,   20.0,188.672,   18.7
188.867,   -6.4,188.867,   -6.8,188.867,   21.0,188.867,   20.2
189.062,   -6.6,189.062,   -9.4,189.062,   19.2,189.062,   18.1
189.258,   -6.2,189.258,   -6.9,189.258,   23.3,189.258,   22.4
189.453,   -7.4,189.453,   -9.7,189.453,   23.8,189.453,   23.3
189.648,   -6.3,189.648,   -8.1,189.648,   26.3,189.648,   25.8
189.844,   -6.7,189.844,   -8.2,189.844,   25.7,189.844,   25.2
190.039,   -4.2,190.039,   -4.6,190.039,   28.0,190.039,   28.2
190.234,   -4.3,190.234,   -5.8,190.234,   27.7,190.234,   27.8
190.430,   -2.8,190.430,   -3.1,190.430,   31.5,190.430,   31.0
190.625,   -2.4,190.625,   -3.4,190.625,   32.3,190.625,   30.4
190.820,   -4.7,190.820,   -2.9,190.820,   35.6,190.820,   33.5
191.016,   -4.1,191.016,   -4.4,191.016,   36.0,191.016,   34.7
191.211,   -3.1,191.211,   -3.9,191.211,   37.8,191.211,   36.0
191.406,   -2.7,191.406,   -4.4,191.406,   35.9,191.406,   35.7
191.602,   -3.1,191.602,   -3.3,191.602,   37.2,191.602,   37.7
191.797,   -4.9,191.797,   -5.6,191.797,   32.0,191.797,   32.4
191.992,   -3.7,191.992,   -4.4,191.992,   32.5,191.992,   32.0
192.188,   -4.4,192.188,   -6.8,192.188,   28.2,192.188,   27.0
192.383,   -4.9,192.383,   -5.5,192.383,   28.4,192.383,   28.3
192.578,   -5.7,192.578,   -6.8,192.578,   26.6,192.578,   25.0
192.773,   -4.3,192.773,   -5.9,192.773,   29.6,192.773,   28.2
192.969,   -3.2,192.969,   -6.0,192.969,   29.1,192.969,   28.0
193.164,   -3.5,193.164,   -5.0,193.164,   32.7,193.164,   32.2
193.359,   -6.3,193.359,   -7.4,193.359,   31.4,193.359,   31.9
193.555,   -5.2,193.555,   -4.1,193.555,   34.6,193.555,   34.0
193.750,   -5.8,193.750,   -4.8,193.750,   30.8,193.750,   30.2
193.945,   -6.2,193.945,   -4.2,193.945,   32.1,193.945,   32.4
194.141,   -5.5,194.141,   -6.9,194.141,   27.7,194.141,   28.8
194.336,   -2.7,194.336,   -3.5,194.336,   30.9,194.336,   31.1
194.531,   -3.1,194.531,   -6.9,194.531,   27.5,194.531,   27.6
194.727,   -4.7,194.727,   -6.8,194.727,   29.2,194.727,   29.0
194.922,   -4.6,194.922,   -5.9,194.922,   30.7,194.922,   30.0
195.117,   -2.2,195.117,   -2.8,195.117,   33.9,195.117,   33.6
195.312,   -1.8,195.312,   -3.3,195.312,   33.9,195.312,   32.9
195.508,   -1.4,195.508,   -1.6,195.508,   36.6,195.508,   36.2
195.703,   -2.9,195.703,   -4.5,195.703,   34.3,195.703,   33.4
195.898,   -1.4,195.898,   -2.4,195.898,   35.7,195.898,   34.8
196.094,   -0.7,196.094,   -3.3,196.094,   31.6,196.094,   30.3
196.289,   -0.5,196.289,   -0.9,196.289,   34.0,196.289,   33.5
196.484,    0.1,196.484,   -2.2,196.484,   33.9,196.484,   32.1
196.680,   -0.3,196.680,   -0.9,196.680,   34.6,196.680,   34.9
196.875,   -1.1,196.875,   -3.3,196.875,   34.9,196.875,   34.8
197.070,   -2.3,197.070,   -3.2,197.070,   37.4,197.070,   37.1
197.266,   -4.8,197.266,   -7.8,197.266,   35.6,197.266,   34.8
197.461,   -5.9,197.461,   -7.3,197.461,   37.0,197.461,   35.7
197.656,   -6.4,197.656,   -7.8,197.656,   31.8,197.656,   30.7
197.852,   -6.8,197.852,   -6.4,197.852,   31.6,197.852,   31.0
198.047,   -6.7,198.047,   -7.4,198.047,   23.9,198.047,   25.1
198.242,   -4.4,198.242,   -5.1,198.242,   26.2,198.242,   26.7
198.438,   -5.1,198.438,   -6.4,198.438,   22.3,198.438,   23.0
198.633,   -2.6,198.633,   -4.8,198.633,   26.2,198.633,   25.8
198.828,   -5.3,198.828,   -7.9,198.828,   26.6,198.828,   25.5
199.023,   -5.4,199.023,   -6.3,199.023,   30.2,199.023,   28.3
199.219,   -6.7,199.219,   -9.0,199.219,   29.0,199.219,   27.9
199.414,   -7.1,199.414,   -6.4,199.414,   31.0,199.414,   31.7
199.609,   -6.4,199.60